Datasets/african.asc
ncols         383
nrows         239
xllcorner     -73.976723696231
yllcorner     45.396293541168
cellsize      0.0013089085639051
NODATA_value  -9999
[rows 152 to 189 of 239, columns 85 to 169 of 383]
40 40 60 60 60 10 10 -9999 -9999 15 0 0 0 0 45 45 45 45 45 10 15 15 15 15 30 30 45 45 25 25 25 25 25 50 50 65 20 20 20 25 25 25 25 25 15 15 15 15 15 40 40 30 30 40 40 -9999 -9999 -9999 30 30 35 30 30 30 -9999 -9999 -9999 -9999 -9999 -9999 -9999 -9999 -9999 -9999 -9999 -9999 -9999 -9999 30 30 15 15 15 15 30
80 80 80 80 -9999 -9999 -9999 -9999 15 15 15 15 0 0 15 15 15 10 10 10 10 15 30 30 30 30 30 45 25 25 25 25 25 80 80 80 65 20 20 20 25 25 25 25 10 10 45 45 15 15 45 40 40 40 40 40 0 0 0 0 35 35 35 30 30 30 30 30 30 30 30 30 30 30 30 30 30 30 30 30 60 60 60 30 30
80 80 80 60 -9999 -9999 125 125 25 25 25 25 0 25 40 15 15 15 15 15 15 10 30 30 30 30 30 25 25 25 25 80 80 80 80 25 25 25 25 20 20 25 10 10 10 10 10 10 45 45 45 45 45 45 40 40 40 0 0 0 0 35 35 35 30 30 30 30 30 30 60 60 60 60 60 60 60 60 60 60 60 60 60 30 65
80 80 80 60 -9999 -9999 -9999 125 25 25 25 25 25 25 40 40 15 40 40 40 40 10 30 60 60 60 60 60 80 85 80 85 85 85 40 40 25 65 65 65 65 20 20 20 10 10 10 10 10 10 10 45 45 45 45 115 115 40 0 0 0 0 35 35 35 30 30 30 30 30 30 295 295 60 60 60 60 60 60 60 60 60 60 60 60
30 80 80 60 -9999 -9999 -9999 125 10 25 25 25 25 25 40 40 40 40 40 40 40 40 60 60 60 60 60 60 60 85 85 0 0 0 40 40 40 65 65 65 0 0 0 20 20 20 20 20 20 10 45 45 45 45 45 45 35 35 115 115 115 35 35 35 35 35 35 40 295 30 30 30 295 295 60 60 60 60 60 60 60 60 60 60 60
80 80 -9999 -9999 -9999 -9999 125 125 10 10 25 25 25 25 40 40 40 40 40 40 0 0 0 60 60 60 60 55 85 55 0 0 0 40 40 40 40 65 20 20 0 0 0 20 20 20 20 20 25 25 45 45 45 45 45 35 35 15 15 15 60 60 310 310 310 310 310 310 295 295 295 65 65 65 60 60 60 60 60 60 60 60 60 60 60
25 60 -9999 -9999 125 125 125 125 10 10 10 10 25 25 40 40 40 30 0 0 0 0 0 55 55 55 40 40 55 0 0 0 0 0 40 40 40 75 0 0 0 20 20 20 20 20 20 25 25 25 45 45 45 45 35 45 35 35 15 15 60 30 30 30 310 310 310 130 310 295 295 155 65 65 65 65 65 65 65 60 60 65 65 65 65
25 60 -9999 -9999 -9999 -9999 125 125 10 65 65 65 65 65 70 30 30 30 30 30 30 55 55 55 55 35 35 35 25 25 0 0 0 0 40 75 75 75 75 75 0 20 20 20 20 25 25 25 45 45 45 45 45 45 25 25 25 15 75 75 60 60 30 30 30 40 40 215 130 155 155 65 65 65 65 65 65 65 65 65 65 65 65 65 65
25 25 -9999 -9999 -9999 -9999 -9999 -9999 125 65 65 65 65 70 70 30 30 30 30 30 30 30 40 25 35 35 35 25 25 25 25 20 20 20 20 20 75 75 30 30 30 20 45 45 45 45 25 45 45 45 45 45 45 45 25 25 25 15 75 60 60 60 60 60 40 40 40 40 215 215 215 215 65 65 65 65 65 65 65 65 65 65 65 65 65
25 25 60 -9999 -9999 -9999 -9999 -9999 125 125 65 65 65 50 70 70 30 30 30 30 30 25 25 25 35 35 35 25 25 25 20 20 20 20 20 20 75 15 30 30 30 30 45 45 45 45 45 45 45 45 75 75 75 75 50 50 50 15 30 30 30 65 40 40 40 40 40 40 40 40 215 65 65 65 65 65 65 65 65 65 65 65 65 65 65
35 25 60 -9999 -9999 -9999 -9999 -9999 -9999 125 65 50 50 50 70 70 30 30 40 40 40 40 25 25 25 25 25 25 20 20 20 20 20 20 20 75 75 15 30 30 15 30 30 45 45 45 45 45 45 45 75 75 75 75 75 50 50 30 65 65 65 65 65 40 40 40 40 40 40 40 40 40 65 65 65 65 65 65 65 65 65 65 65 65 65
60 60 -9999 -9999 -9999 -9999 -9999 -9999 -9999 125 50 50 50 50 50 35 35 35 40 40 40 40 25 25 10 20 20 20 20 20 20 20 50 50 20 15 15 15 15 15 15 15 30 45 45 45 45 45 45 75 75 75 75 75 75 50 50 65 65 65 65 25 25 25 40 40 40 40 40 40 40 40 40 40 65 65 65 65 65 65 65 65 65 65 65
60 -9999 -9999 -9999 -9999 -9999 -9999 -9999 120 120 50 50 50 50 50 50 35 35 40 40 40 40 65 65 65 65 65 10 10 10 50 10 50 50 50 15 15 15 15 15 15 70 70 70 45 70 70 70 70 75 75 75 75 75 20 50 50 50 25 25 25 25 25 25 25 40 40 40 40 40 40 40 40 0 0 65 65 65 65 65 65 65 65 65 65
60 -9999 -9999 -9999 -9999 -9999 -9999 -9999 120 120 50 50 50 50 50 50 35 35 35 65 65 65 65 65 65 65 65 10 10 10 10 50 50 50 50 15 10 10 70 70 70 75 75 75 75 70 70 70 70 75 75 75 75 75 20 20 50 25 25 25 25 25 25 25 25 25 40 40 40 40 40 0 0 0 0 0 65 65 65 65 65 65 65 65 65
60 -9999 -9999 -9999 -9999 -9999 -9999 120 120 120 50 50 50 50 50 50 50 35 65 65 65 65 65 65 65 65 65 65 10 50 50 50 10 10 10 10 10 70 70 75 75 75 75 75 75 75 75 75 70 110 110 110 110 110 90 50 50 50 25 25 25 35 20 20 20 20 20 20 40 40 0 0 0 0 0 0 0 65 65 65 65 65 65 65 65
-9999 -9999 -9999 -9999 -9999 -9999 -9999 120 120 175 175 50 50 50 50 50 15 15 15 65 65 65 65 65 65 65 65 65 50 50 50 10 75 75 10 10 75 75 75 75 75 75 75 75 75 75 75 75 110 110 110 110 90 90 90 90 50 35 50 35 35 20 20 20 20 20 0 0 0 0 0 0 0 0 0 0 65 65 65 65 65 65 65 65 65
-9999 -9999 -9999 40 120 120 120 175 175 175 175 175 50 50 55 55 15 15 15 80 80 65 80 80 10 10 65 65 10 50 10 10 10 10 75 75 75 75 75 75 75 75 75 75 75 75 75 75 75 110 45 90 90 50 50 50 50 35 35 35 20 20 35 35 20 0 0 0 0 0 0 0 0 0 0 0 65 65 65 65 65 65 65 65 65
40 40 40 40 40 120 120 175 175 175 175 175 55 55 55 55 55 80 80 80 80 80 80 80 10 80 30 30 10 20 20 10 75 75 75 75 75 75 75 75 75 75 75 75 75 75 75 75 75 75 110 45 45 45 45 50 35 35 35 35 35 35 35 0 0 0 0 0 0 0 0 0 0 0 0 0 65 65 65 65 65 65 65 65 65
40 40 40 40 55 120 175 175 175 175 175 30 30 30 55 55 80 80 80 80 80 80 80 80 30 30 20 20 20 20 20 75 75 75 75 75 75 75 75 75 75 75 75 75 75 75 75 75 0 0 0 45 45 45 45 45 50 50 35 35 35 35 0 0 0 0 0 0 0 0 0 0 0 0 0 0 65 65 65 65 65 65 65 65 65
55 40 40 55 55 175 175 175 175 175 175 175 30 30 30 55 80 80 80 80 80 80 80 35 35 30 30 30 30 20 45 75 75 75 75 75 75 75 75 75 75 75 75 75 75 75 0 0 0 0 0 0 45 45 45 50 50 50 0 0 0 0 0 0 0 0 0 0 0 0 0 0 0 0 0 65 65 65 65 65 65 65 65 65 65
40 55 55 55 55 0 0 0 10 175 175 175 30 30 30 30 55 80 80 80 80 75 35 35 35 30 30 30 30 30 45 45 45 15 15 75 75 0 0 75 75 75 75 75 0 0 0 0 0 0 0 0 0 50 50 50 50 0 0 0 0 0 0 0 0 0 0 0 0 0 0 0 65 65 65 65 65 65 65 65 65 65 65 65 65
40 55 10 55 55 0 0 0 0 10 10 0 0 30 30 30 30 55 55 75 75 75 30 30 30 30 30 30 30 45 45 45 15 15 15 75 0 0 0 0 0 0 0 0 0 0 0 0 0 0 0 0 35 50 50 0 0 0 0 0 0 0 0 0 0 0 0 0 0 0 65 65 65 65 65 65 65 65 65 65 65 65 65 65 65
100 10 10 10 0 0 0 0 0 10 10 10 0 0 0 30 30 30 75 40 40 40 40 30 30 30 40 40 50 50 50 15 15 20 20 20 20 0 0 0 0 0 0 0 0 0 0 0 0 0 35 35 35 35 35 0 0 0 0 0 0 0 0 0 0 0 0 0 0 0 0 45 45 45 65 65 65 65 65 65 65 65 65 65 65
100 10 10 10 0 0 0 0 0 0 10 10 0 0 0 30 30 110 75 75 40 40 40 40 30 40 40 40 50 50 50 15 20 20 20 20 20 0 0 0 0 0 0 0 0 0 35 35 35 35 35 35 35 35 35 35 35 0 0 0 0 0 0 0 0 0 0 0 0 0 0 0 45 45 45 45 65 65 65 65 65 65 65 65 65
100 10 30 30 10 10 0 0 0 0 0 0 0 110 110 110 110 110 110 75 75 75 40 100 100 100 40 50 50 50 40 40 20 20 20 20 20 50 0 0 0 0 0 0 0 35 35 35 35 35 35 35 35 35 35 35 35 0 0 0 0 0 0 0 0 0 0 0 0 0 0 0 0 0 0 0 45 65 65 65 45 45 45 45 45
100 100 30 30 30 0 0 0 0 0 40 20 20 20 110 110 110 110 110 110 75 75 100 100 100 70 50 50 50 40 40 50 20 20 20 50 35 35 35 0 0 0 0 35 35 35 35 35 35 35 35 35 35 35 35 35 35 35 0 0 0 0 0 0 0 0 0 0 0 0 0 0 0 0 0 0 45 45 45 45 45 45 45 45 45
100 100 30 30 30 30 0 0 0 40 0 0 20 20 20 20 110 110 0 0 50 50 70 100 70 70 70 40 40 40 40 50 50 50 35 35 35 35 35 0 35 35 35 35 35 35 35 35 35 35 35 35 35 35 35 35 35 35 35 0 0 0 0 0 0 0 0 0 0 0 0 0 0 0 45 45 45 45 45 45 45 45 45 45 45
50 50 50 30 30 30 0 40 40 40 0 0 20 20 20 20 20 0 0 0 50 50 50 70 70 70 70 40 40 40 40 35 35 35 35 35 35 35 35 35 35 35 35 35 35 35 35 35 35 35 35 35 35 35 35 35 35 35 35 0 0 0 0 0 0 0 0 0 0 0 0 0 0 0 45 45 45 45 45 45 45 45 45 45 45
50 50 50 20 0 30 10 40 40 40 10 20 20 20 20 20 20 0 0 50 50 50 50 20 70 70 70 40 40 50 35 35 35 35 35 35 35 35 35 35 35 35 35 35 35 35 35 35 35 35 35 35 35 35 35 35 35 35 35 35 35 0 0 0 0 0 0 0 0 0 0 0 0 0 0 45 45 45 45 45 45 45 45 45 45
20 50 20 20 0 0 30 40 40 10 10 10 10 20 20 20 0 0 0 0 0 0 20 20 20 50 50 35 35 35 35 35 35 35 35 35 35 35 35 35 35 35 35 35 35 35 35 35 35 35 35 35 35 35 35 35 35 35 35 35 35 0 0 0 0 0 0 0 0 0 0 0 0 0 0 0 0 45 45 45 45 45 45 45 45
0 0 0 20 0 0 0 20 20 10 0 0 0 0 0 0 0 0 20 20 20 45 45 45 20 50 35 35 35 35 35 35 35 35 35 35 35 35 35 35 35 35 35 35 35 35 35 35 35 35 35 35 35 35 35 35 35 35 35 35 35 35 35 0 0 0 0 0 0 0 0 0 0 0 0 0 0 0 45 45 45 45 45 45 45
0 0 0 0 0 0 20 20 20 20 0 0 0 0 0 0 0 20 35 35 45 45 45 65 65 65 65 35 35 35 35 35 35 35 35 35 35 35 35 35 35 35 35 35 35 35 35 35 35 35 35 35 35 35 35 35 35 35 35 35 35 35 35 35 0 0 0 0 0 0 0 0 0 0 0 0 0 0 0 45 45 45 45 45 45
35 35 35 0 0 25 25 25 25 20 20 0 0 0 20 20 20 20 35 35 20 65 65 65 65 65 65 35 35 35 35 35 35 35 35 35 35 35 35 35 35 35 35 35 35 20 20 35 20 20 20 35 35 35 35 35 35 35 35 35 35 35 35 35 35 0 0 0 0 0 0 0 0 0 0 0 0 0 0 0 45 45 45 45 45
35 25 25 0 25 25 25 20 20 20 30 0 0 20 35 35 35 35 35 20 65 65 65 65 65 65 65 65 35 35 35 35 35 35 35 35 35 35 35 35 35 35 35 35 20 0 0 20 20 20 20 25 25 35 35 35 35 35 35 35 35 35 0 0 0 0 0 0 0 0 0 0 0 0 0 0 0 0 0 0 0 45 45 45 45
25 25 25 25 25 20 20 20 20 30 30 30 20 20 35 35 35 35 20 65 65 65 65 65 65 65 65 65 65 65 35 35 35 35 35 35 35 35 35 35 35 35 35 20 20 0 0 0 20 20 20 20 25 35 35 35 35 35 35 35 35 15 0 0 0 0 0 0 0 0 0 0 0 0 0 0 0 0 0 0 0 0 0 0 45
25 25 25 25 20 30 30 30 30 30 30 80 80 80 20 20 65 65 65 65 65 65 65 65 65 65 65 65 65 65 65 35 35 35 35 35 35 35 35 35 0 0 0 0 20 0 0 0 0 0 25 25 25 25 25 35 35 35 35 15 15 15 0 0 0 0 0 0 0 0 0 0 0 0 0 0 0 0 0 0 0 0 0 0 0
25 25 25 20 20 30 30 30 30 30 30 80 80 80 65 65 65 65 65 65 65 65 65 65 65 65 65 25 25 25 25 25 35 35 35 35 35 35 10 10 0 0 0 0 0 0 0 0 0 0 0 25 25 25 25 25 25 35 15 15 15 15 15 15 0 0 0 0 0 0 0 0 0 0 0 0 0 0 0 0 0 0 0 0 0
25 20 20 20 20 20 30 30 30 30 30 80 80 80 80 65 65 65 65 65 65 65 65 65 65 65 25 25 25 25 25 25 25 35 35 10 10 10 10 10 0 0 0 0 0 0 0 0 0 0 0 0 25 15 15 10 10 20 20 15 15 15 15 15 0 0 0 0 0 0 0 0 0 0 0 0 0 0 0 0 0 0 0 0 0
