Datasets/african.asc
ncols         383
nrows         239
xllcorner     -73.976723696231
yllcorner     45.396293541168
cellsize      0.0013089085639051
NODATA_value  -9999
[rows 114 to 151 of 239, columns 170 to 254 of 383]
-9999 -9999 -9999 -9999 -9999 -9999 -9999 -9999 -9999 -9999 -9999 -9999 -9999 -9999 -9999 -9999 -9999 -9999 -9999 -9999 -9999 -9999 -9999 -9999 -9999 -9999 -9999 -9999 -9999 -9999 -9999 -9999 -9999 -9999 -9999 -9999 -9999 -9999 -9999 -9999 -9999 -9999 -9999 -9999 -9999 -9999 -9999 -9999 -9999 -9999 -9999 -9999 -9999 -9999 -9999 -9999 -9999 -9999 -9999 -9999 -9999 -9999 0 0 90 90 55 55 55 10 10 30 30 25 0 0 0 10 10 10 10 15 15 15 20
-9999 -9999 -9999 -9999 -9999 -9999 -9999 -9999 -9999 -9999 -9999 -9999 -9999 -9999 -9999 -9999 -9999 -9999 -9999 -9999 -9999 -9999 -9999 -9999 -9999 -9999 -9999 -9999 -9999 -9999 -9999 -9999 -9999 -9999 -9999 -9999 -9999 -9999 -9999 -9999 -9999 -9999 -9999 -9999 -9999 -9999 -9999 -9999 -9999 -9999 -9999 -9999 -9999 -9999 -9999 -9999 -9999 -9999 -9999 -9999 -9999 0 0 0 0 0 180 180 180 45 45 45 45 25 25 10 10 10 60 10 55 15 20 20 20
-9999 -9999 -9999 -9999 -9999 -9999 -9999 -9999 -9999 -9999 -9999 -9999 -9999 -9999 -9999 -9999 -9999 -9999 -9999 -9999 -9999 -9999 -9999 -9999 -9999 -9999 -9999 -9999 -9999 -9999 -9999 -9999 -9999 -9999 -9999 -9999 -9999 -9999 -9999 -9999 -9999 -9999 -9999 -9999 -9999 -9999 -9999 -9999 -9999 -9999 -9999 -9999 -9999 -9999 -9999 -9999 -9999 -9999 -9999 -9999 -9999 0 0 0 0 0 180 180 180 180 180 180 15 15 15 15 15 15 60 55 55 100 100 100 30
-9999 -9999 -9999 -9999 -9999 -9999 -9999 -9999 -9999 -9999 -9999 -9999 -9999 -9999 -9999 -9999 -9999 -9999 -9999 -9999 -9999 -9999 -9999 -9999 -9999 -9999 -9999 -9999 -9999 -9999 -9999 -9999 -9999 -9999 -9999 -9999 -9999 -9999 -9999 -9999 -9999 -9999 -9999 -9999 -9999 -9999 -9999 -9999 -9999 -9999 -9999 -9999 -9999 -9999 -9999 -9999 -9999 -9999 -9999 -9999 -9999 0 55 55 55 55 180 180 180 180 180 180 20 20 20 15 60 60 60 55 55 55 30 30 30
-9999 -9999 -9999 -9999 -9999 -9999 -9999 -9999 -9999 -9999 -9999 -9999 -9999 -9999 -9999 -9999 -9999 -9999 -9999 -9999 -9999 -9999 -9999 -9999 -9999 -9999 -9999 -9999 -9999 -9999 -9999 -9999 -9999 -9999 -9999 -9999 -9999 -9999 -9999 -9999 -9999 -9999 -9999 -9999 -9999 -9999 -9999 -9999 -9999 -9999 -9999 -9999 -9999 -9999 -9999 -9999 -9999 -9999 -9999 -9999 -9999 20 20 55 55 55 45 45 180 180 180 70 70 20 20 20 40 40 60 55 55 55 55 55 55
-9999 -9999 -9999 -9999 -9999 -9999 -9999 -9999 -9999 -9999 -9999 -9999 -9999 -9999 -9999 -9999 -9999 -9999 -9999 -9999 -9999 -9999 -9999 -9999 -9999 -9999 -9999 -9999 -9999 -9999 -9999 -9999 -9999 -9999 -9999 -9999 -9999 -9999 -9999 -9999 -9999 -9999 -9999 -9999 -9999 -9999 -9999 -9999 -9999 -9999 -9999 -9999 -9999 -9999 -9999 -9999 -9999 -9999 -9999 0 75 20 20 20 20 45 45 45 180 180 180 70 70 75 75 75 40 40 55 55 65 55 55 55 55
-9999 -9999 -9999 -9999 -9999 -9999 -9999 -9999 -9999 -9999 -9999 -9999 -9999 -9999 -9999 -9999 -9999 -9999 -9999 -9999 -9999 -9999 -9999 -9999 -9999 -9999 -9999 -9999 -9999 -9999 -9999 -9999 -9999 -9999 -9999 -9999 -9999 -9999 -9999 -9999 -9999 -9999 -9999 -9999 -9999 -9999 -9999 -9999 -9999 -9999 -9999 -9999 -9999 -9999 -9999 -9999 -9999 -9999 -9999 10 10 40 75 50 50 50 50 50 50 0 35 35 35 75 75 75 40 40 55 55 65 65 25 55 55
-9999 -9999 -9999 -9999 -9999 -9999 -9999 -9999 -9999 -9999 -9999 -9999 -9999 -9999 -9999 -9999 -9999 -9999 -9999 -9999 -9999 -9999 -9999 -9999 -9999 -9999 -9999 -9999 -9999 -9999 -9999 -9999 -9999 -9999 -9999 -9999 -9999 -9999 -9999 -9999 -9999 -9999 -9999 -9999 -9999 -9999 -9999 -9999 -9999 -9999 -9999 -9999 -9999 -9999 -9999 -9999 -9999 -9999 10 10 15 15 40 85 85 50 50 50 50 0 0 0 0 35 75 75 60 60 60 110 65 40 40 0 0
-9999 -9999 -9999 -9999 -9999 -9999 -9999 -9999 -9999 -9999 -9999 -9999 -9999 -9999 -9999 -9999 -9999 -9999 -9999 -9999 -9999 -9999 -9999 -9999 -9999 -9999 -9999 -9999 -9999 -9999 -9999 -9999 -9999 -9999 -9999 -9999 -9999 -9999 -9999 -9999 -9999 -9999 -9999 -9999 -9999 -9999 -9999 -9999 -9999 -9999 -9999 -9999 10 -9999 -9999 10 -9999 -9999 10 0 0 15 15 25 25 95 95 50 100 100 0 0 0 75 75 75 60 60 60 60 110 50 50 0 0
-9999 -9999 -9999 -9999 -9999 -9999 -9999 -9999 -9999 -9999 -9999 -9999 -9999 -9999 -9999 -9999 -9999 -9999 -9999 -9999 -9999 -9999 -9999 -9999 -9999 -9999 -9999 -9999 -9999 -9999 -9999 -9999 -9999 -9999 -9999 -9999 -9999 -9999 -9999 -9999 -9999 -9999 -9999 55 55 55 55 55 55 -9999 10 10 10 10 10 10 0 0 40 40 0 0 25 25 25 35 95 95 85 85 100 100 100 75 75 60 60 60 60 60 60 60 50 85 85
-9999 -9999 -9999 -9999 -9999 -9999 -9999 -9999 -9999 -9999 -9999 -9999 -9999 -9999 -9999 -9999 -9999 -9999 -9999 -9999 -9999 -9999 -9999 -9999 -9999 -9999 -9999 -9999 -9999 -9999 -9999 -9999 -9999 -9999 -9999 -9999 -9999 -9999 -9999 -9999 55 55 55 155 155 55 55 0 0 0 0 0 0 0 0 0 0 0 0 40 40 65 65 25 25 35 35 85 85 25 55 55 55 75 75 60 60 60 60 60 60 60 60 60 85
-9999 -9999 -9999 -9999 -9999 -9999 -9999 -9999 -9999 -9999 -9999 -9999 -9999 -9999 -9999 -9999 -9999 -9999 -9999 -9999 -9999 -9999 -9999 -9999 -9999 -9999 -9999 -9999 -9999 -9999 -9999 -9999 -9999 -9999 -9999 -9999 -9999 -9999 -9999 -9999 55 55 55 155 155 155 165 165 25 0 0 0 0 0 0 0 0 0 0 0 0 65 65 40 40 40 35 95 95 95 55 55 55 55 35 35 35 35 35 60 60 60 60 60 70
-9999 -9999 -9999 -9999 -9999 -9999 -9999 -9999 -9999 -9999 -9999 -9999 -9999 -9999 -9999 -9999 -9999 -9999 -9999 -9999 -9999 -9999 -9999 -9999 -9999 -9999 -9999 -9999 -9999 -9999 -9999 -9999 -9999 -9999 -9999 -9999 65 65 65 55 65 65 55 155 155 155 155 35 165 35 25 25 25 0 0 0 0 0 0 0 0 65 65 40 40 40 45 45 95 95 55 55 55 55 35 35 35 35 35 65 65 90 60 60 60
-9999 -9999 -9999 -9999 -9999 -9999 -9999 -9999 -9999 -9999 -9999 -9999 -9999 -9999 -9999 -9999 -9999 -9999 -9999 -9999 -9999 -9999 -9999 -9999 -9999 -9999 -9999 -9999 -9999 -9999 -9999 -9999 -9999 -9999 -9999 65 65 65 65 65 65 65 65 155 155 155 135 135 35 35 35 35 25 25 25 0 0 0 0 0 245 245 35 35 35 35 90 45 45 55 55 55 55 35 35 35 35 95 95 65 65 90 90 45 45
-9999 -9999 -9999 -9999 -9999 -9999 -9999 -9999 -9999 -9999 -9999 -9999 -9999 -9999 -9999 -9999 -9999 -9999 -9999 -9999 -9999 -9999 -9999 -9999 -9999 -9999 -9999 -9999 -9999 -9999 -9999 -9999 -9999 -9999 65 25 25 25 25 105 105 95 95 95 100 100 65 65 135 135 135 135 95 35 25 0 0 0 0 0 245 245 90 35 90 90 90 90 90 55 55 55 55 35 35 35 35 95 95 95 45 90 90 45 45
-9999 -9999 -9999 -9999 -9999 -9999 -9999 -9999 -9999 -9999 -9999 -9999 -9999 -9999 -9999 -9999 -9999 -9999 -9999 -9999 -9999 -9999 -9999 -9999 -9999 -9999 -9999 -9999 -9999 -9999 -9999 -9999 -9999 65 55 25 25 25 25 25 105 60 95 100 100 100 100 100 135 135 95 95 95 95 95 95 20 20 20 165 165 165 165 165 385 385 385 385 90 55 55 55 55 35 35 35 35 115 115 95 45 45 45 45 45
-9999 -9999 -9999 -9999 -9999 -9999 -9999 -9999 -9999 -9999 -9999 -9999 -9999 -9999 -9999 -9999 -9999 -9999 -9999 -9999 -9999 -9999 -9999 -9999 -9999 -9999 -9999 -9999 -9999 -9999 -9999 -9999 -9999 20 40 55 55 55 55 55 60 60 45 45 100 100 100 45 45 135 95 95 95 95 95 65 65 20 20 165 165 165 165 50 50 50 50 135 40 55 55 35 35 35 35 35 35 35 90 90 90 90 90 45 35
-9999 -9999 -9999 -9999 -9999 -9999 -9999 -9999 -9999 -9999 -9999 -9999 -9999 -9999 -9999 -9999 -9999 -9999 -9999 -9999 -9999 -9999 -9999 -9999 20 20 -9999 -9999 -9999 -9999 20 20 20 40 40 40 40 55 55 55 55 65 65 45 45 45 45 45 45 0 0 95 95 95 95 65 65 120 50 50 165 230 230 30 30 30 135 135 40 40 40 40 40 40 35 35 35 35 90 90 90 90 90 35 35
-9999 -9999 -9999 -9999 -9999 -9999 -9999 -9999 -9999 -9999 -9999 -9999 -9999 -9999 -9999 -9999 -9999 -9999 -9999 -9999 -9999 -9999 -9999 20 20 20 20 30 -9999 20 75 75 75 75 75 75 75 75 75 45 45 65 65 65 45 45 45 40 40 0 0 0 0 95 95 95 95 120 50 50 160 160 160 160 230 230 135 135 40 40 40 40 40 40 40 40 40 40 40 40 40 90 90 35 35
-9999 -9999 -9999 -9999 -9999 -9999 -9999 -9999 -9999 -9999 -9999 -9999 -9999 -9999 -9999 -9999 -9999 -9999 -9999 -9999 -9999 -9999 55 55 30 30 20 30 30 20 20 75 75 75 30 30 75 45 45 45 45 45 60 65 40 40 40 60 55 40 0 0 0 45 70 70 355 120 120 120 160 160 160 80 80 80 80 80 40 40 40 40 40 40 40 40 40 40 40 40 40 40 40 55 55
-9999 -9999 -9999 -9999 -9999 -9999 -9999 -9999 -9999 -9999 -9999 -9999 -9999 -9999 -9999 -9999 -9999 -9999 -9999 -9999 -9999 55 55 55 55 55 30 30 20 20 20 20 20 30 30 30 30 45 45 45 45 60 60 60 65 65 60 55 55 55 135 45 45 45 45 355 355 165 165 165 75 0 0 75 125 30 30 40 40 40 40 40 40 40 40 40 40 40 40 40 40 40 15 55 55
-9999 -9999 -9999 -9999 -9999 -9999 -9999 -9999 -9999 -9999 -9999 -9999 -9999 -9999 -9999 -9999 -9999 -9999 -9999 -9999 -9999 55 230 230 230 230 220 30 20 20 20 20 20 20 20 30 45 45 45 45 60 60 60 60 50 70 70 70 55 135 135 45 45 45 70 355 355 0 575 575 575 575 575 260 260 0 0 40 40 40 40 40 40 40 40 40 40 40 40 40 40 35 20 55 35
-9999 -9999 -9999 -9999 -9999 -9999 -9999 -9999 -9999 -9999 -9999 -9999 -9999 -9999 -9999 -9999 -9999 -9999 120 120 120 120 120 230 370 370 370 370 370 20 20 20 20 20 20 70 70 45 60 60 60 60 60 50 50 50 50 50 70 135 135 45 45 70 0 0 105 345 130 130 130 130 105 105 260 120 120 120 20 40 40 40 40 40 40 40 40 40 40 40 40 40 95 95 0
-9999 -9999 -9999 -9999 -9999 -9999 -9999 -9999 -9999 -9999 -9999 -9999 -9999 -9999 -9999 -9999 120 120 120 120 120 120 85 155 165 165 165 270 370 355 20 20 20 305 305 305 305 55 55 55 60 50 50 50 50 50 50 50 50 50 50 50 0 0 0 0 105 130 130 130 95 130 105 105 85 65 65 120 20 20 20 40 40 40 40 40 40 40 40 40 40 40 40 40 40
-9999 -9999 -9999 -9999 -9999 -9999 -9999 -9999 -9999 -9999 -9999 -9999 -9999 -9999 -9999 120 120 120 120 120 85 85 85 85 155 155 155 165 270 355 355 305 80 80 305 305 155 155 55 55 155 105 50 50 120 85 85 85 210 210 210 210 30 30 30 210 240 240 240 240 240 130 130 130 85 220 220 20 20 20 20 20 20 20 20 40 40 40 40 40 40 40 40 40 40
-9999 -9999 -9999 -9999 -9999 -9999 -9999 -9999 -9999 -9999 -9999 -9999 -9999 -9999 -9999 120 120 120 85 85 85 25 85 85 155 155 155 155 155 270 355 355 80 80 80 155 155 155 55 55 155 155 55 55 120 85 85 85 65 210 210 30 30 30 75 75 50 50 240 240 240 240 225 225 220 220 220 20 20 20 20 20 20 20 20 20 20 290 290 40 40 40 40 40 40
-9999 -9999 -9999 -9999 -9999 -9999 -9999 -9999 -9999 -9999 -9999 45 20 20 20 20 20 20 20 20 25 25 80 80 40 40 40 155 155 155 155 355 355 355 135 135 155 155 205 95 95 25 25 25 55 120 120 65 65 65 30 30 30 30 75 75 15 15 95 95 95 50 240 220 220 20 20 20 20 20 20 20 20 20 20 20 20 290 135 55 55 55 55 55 20
-9999 -9999 -9999 -9999 -9999 -9999 -9999 -9999 -9999 -9999 120 45 45 45 20 20 20 30 20 20 30 25 40 40 0 40 40 40 85 85 85 200 200 200 200 205 205 95 95 160 160 25 25 25 25 65 65 65 65 65 0 30 30 30 75 75 75 15 95 95 95 95 50 120 220 20 20 20 20 20 20 20 20 20 20 20 20 290 55 55 55 55 55 55 20
-9999 -9999 -9999 -9999 -9999 -9999 -9999 -9999 -9999 15 15 120 45 45 45 45 35 35 30 30 30 30 20 0 40 40 40 40 85 85 200 200 200 200 200 200 160 160 85 85 85 35 35 35 35 140 140 140 0 0 0 0 60 60 175 75 60 60 15 95 95 95 50 115 120 20 20 20 20 20 20 20 20 20 20 20 20 135 135 35 35 35 35 35 20
-9999 -9999 -9999 -9999 -9999 -9999 -9999 -9999 -9999 15 15 30 30 30 45 35 35 35 35 30 30 30 45 20 45 0 0 0 200 200 200 200 200 200 200 285 285 85 85 75 75 85 35 35 35 245 135 135 135 0 35 35 60 60 60 60 60 60 85 85 85 85 115 30 120 20 20 20 20 20 20 20 20 20 20 20 290 135 20 35 35 35 35 35 35
-9999 -9999 -9999 -9999 -9999 -9999 -9999 -9999 -9999 15 30 30 30 30 30 35 35 20 35 30 30 30 45 45 45 200 200 200 200 200 200 200 285 285 285 285 285 285 85 85 85 75 75 35 30 30 245 245 135 135 35 35 35 60 60 60 60 85 85 85 85 170 170 170 120 20 20 20 20 20 20 20 20 20 20 20 85 20 20 20 20 20 35 10 35
-9999 -9999 -9999 -9999 -9999 -9999 -9999 15 30 30 30 30 30 30 30 30 30 20 20 20 20 200 200 200 200 200 200 200 200 200 200 285 285 285 285 285 285 285 285 85 85 85 75 140 100 30 30 30 245 185 135 35 35 25 25 25 25 25 85 35 35 170 170 170 120 20 20 20 20 20 20 20 20 20 20 45 85 85 85 20 10 10 10 10 10
15 15 -9999 -9999 15 15 15 15 30 30 30 30 30 30 30 30 30 30 20 20 20 20 200 200 40 200 200 200 200 285 285 285 285 285 285 285 285 45 45 130 130 85 140 140 140 100 30 30 245 245 185 240 90 35 35 25 25 25 35 35 170 170 170 170 170 20 20 20 20 20 290 290 20 20 20 35 35 85 85 0 0 0 70 10 10
15 15 -9999 15 15 15 30 30 30 30 30 30 30 30 30 30 30 30 30 200 200 200 200 40 40 40 40 40 285 285 285 285 285 285 285 285 45 130 130 130 130 130 130 130 140 140 155 155 155 85 115 115 55 55 55 35 25 35 35 35 170 170 170 170 170 20 20 20 20 20 20 290 290 290 290 35 35 35 0 0 0 0 0 70 25
15 -9999 -9999 15 15 15 30 30 30 30 30 30 30 30 30 30 30 200 200 200 200 200 200 110 110 40 285 285 285 285 285 285 285 285 285 285 45 130 130 130 130 130 130 130 130 140 140 140 60 60 85 55 55 55 55 30 30 90 90 170 170 170 170 170 170 20 20 20 20 25 290 290 290 35 35 35 35 35 0 0 10 10 70 70 25
-9999 -9999 15 15 30 30 30 30 30 30 30 30 65 30 30 65 200 200 200 200 200 110 110 110 110 110 285 285 285 285 285 285 285 40 40 40 130 130 130 130 130 130 130 130 130 130 140 140 60 60 60 60 55 80 80 30 30 30 90 55 170 170 170 170 170 20 20 20 20 25 25 290 45 35 35 35 35 10 10 10 10 10 25 25 40
-9999 15 15 30 30 30 30 30 30 30 65 65 65 65 65 65 65 105 105 105 105 105 285 285 285 285 285 285 285 285 285 285 285 40 40 90 35 35 35 130 130 130 130 130 130 130 130 60 60 60 60 60 60 80 80 80 30 30 95 55 55 55 170 170 170 20 20 25 25 25 25 290 45 35 35 35 35 35 10 10 10 10 0 0 40
15 15 30 30 30 30 30 30 30 65 65 65 65 65 65 65 105 105 105 105 105 105 285 285 285 285 285 285 285 285 285 285 90 90 90 40 90 45 45 45 45 45 130 130 130 130 130 130 130 60 60 60 60 80 80 0 0 30 95 95 55 55 55 170 20 20 20 290 290 25 290 45 25 45 45 45 35 35 35 35 0 0 0 0 20
