Datasets/african.asc
ncols         383
nrows         239
xllcorner     -73.976723696231
yllcorner     45.396293541168
cellsize      0.0013089085639051
NODATA_value  -9999
[rows 152 to 189 of 239, columns 170 to 254 of 383]
30 30 30 30 30 30 65 65 65 65 65 65 65 65 65 105 105 105 105 105 105 105 105 110 110 110 110 285 285 285 285 40 40 40 40 40 45 45 45 45 45 45 45 105 130 130 125 125 125 130 85 85 60 0 0 0 30 30 95 95 95 95 55 125 125 20 290 290 290 290 290 45 25 25 45 45 35 35 35 35 0 0 0 0 20
30 30 30 30 65 65 65 65 65 65 65 65 65 75 75 75 105 105 105 110 110 110 110 110 110 110 110 110 110 285 40 40 40 40 40 45 45 45 45 45 45 45 45 105 105 125 125 125 125 85 85 85 90 60 35 35 35 30 30 70 70 70 70 125 125 125 125 125 125 125 45 45 25 25 25 25 10 35 10 10 0 0 0 0 20
65 65 65 65 65 65 65 65 65 65 65 65 75 75 75 75 105 105 105 110 110 110 110 110 110 110 110 110 110 65 65 40 40 40 45 45 45 45 45 45 45 45 115 105 60 60 125 85 85 60 85 90 90 90 35 35 35 35 70 70 70 55 55 55 125 125 125 125 125 125 75 75 75 25 10 10 10 10 10 0 0 0 0 20 20
65 65 65 65 65 65 65 65 65 65 65 65 65 75 75 75 75 105 105 105 110 110 110 110 110 110 65 65 65 65 65 65 45 45 45 45 45 45 45 45 115 105 105 110 60 180 45 60 60 60 60 90 90 90 90 90 35 155 85 85 55 55 55 55 55 125 125 125 75 75 75 75 15 15 15 15 10 10 0 0 0 10 10 10 10
60 60 65 65 65 65 65 65 65 65 65 65 65 65 75 75 75 75 75 110 65 65 65 65 65 65 65 65 65 65 65 65 45 45 45 45 45 45 80 50 35 50 50 180 180 45 45 65 45 65 60 60 35 90 90 90 155 155 85 55 55 55 55 55 55 55 125 125 75 75 75 75 115 15 15 15 15 15 15 10 10 10 10 10 10
65 65 65 65 65 65 65 65 65 65 65 65 65 65 65 65 75 75 65 65 65 65 65 65 65 65 65 65 65 65 65 45 45 45 45 45 45 90 90 35 70 35 35 180 35 45 65 65 65 65 65 65 35 35 50 50 50 55 90 90 90 90 90 55 55 90 90 90 75 75 75 75 115 115 115 115 115 115 115 55 15 15 15 10 50
65 65 65 65 65 65 65 65 65 65 65 65 65 65 65 65 65 65 65 65 65 65 65 65 65 65 65 65 65 65 45 45 45 45 45 45 45 45 115 90 70 65 65 70 70 35 65 65 65 65 65 15 15 50 50 50 55 55 55 90 90 90 90 90 90 75 75 75 75 75 75 115 115 115 115 115 115 115 115 55 55 55 55 15 50
65 65 65 65 65 65 65 65 65 65 65 65 65 65 65 65 65 65 65 65 65 65 65 65 65 65 65 65 45 45 45 45 45 45 45 45 45 45 45 115 115 70 70 70 70 35 65 65 65 65 65 15 15 15 50 55 55 55 90 90 90 90 90 90 90 75 75 75 75 75 75 115 115 115 115 115 115 230 230 230 55 50 50 50 50
65 65 65 65 65 65 65 65 65 65 65 65 65 65 65 65 65 65 65 65 65 65 65 65 65 65 45 45 45 45 45 45 45 45 45 45 45 45 45 45 85 85 85 85 85 85 85 85 65 65 65 15 15 15 265 55 55 100 90 90 90 90 90 90 75 75 75 75 75 75 80 80 80 80 230 230 230 230 275 275 275 50 50 50 60
65 65 65 65 65 65 65 65 65 65 65 65 65 65 65 65 65 65 65 65 65 65 65 65 65 45 45 45 45 45 45 45 45 45 45 45 45 45 45 45 45 85 85 255 255 255 85 255 255 255 255 65 65 65 265 100 100 100 155 155 90 90 75 75 75 75 75 75 75 75 75 80 80 80 80 230 230 230 275 275 145 145 145 145 60
65 65 65 65 65 65 65 65 65 65 65 65 65 65 65 65 65 65 65 65 65 65 65 65 65 45 45 45 45 45 45 45 45 45 45 45 45 45 45 45 45 255 255 255 255 255 255 255 255 255 255 255 65 255 255 155 155 155 155 155 75 75 75 75 75 75 75 75 75 75 75 75 80 80 80 80 80 275 275 275 145 145 145 145 45
65 65 65 65 65 65 65 65 65 65 65 65 65 65 65 65 65 65 65 65 65 65 65 65 45 45 45 45 45 45 45 45 45 45 45 45 45 45 45 45 45 45 255 255 255 255 255 255 255 255 255 255 155 155 155 155 155 45 45 75 75 75 75 75 75 75 75 75 75 75 75 75 75 75 0 0 0 275 145 145 145 20 45 45 50
65 65 65 65 65 65 65 65 65 65 65 65 65 65 65 65 65 65 65 65 65 65 65 45 45 45 45 45 45 45 45 45 45 45 45 45 45 45 45 45 45 45 255 255 255 255 255 45 45 45 45 45 45 45 45 45 45 45 75 75 75 75 75 75 75 75 75 75 75 75 75 75 75 75 0 0 0 0 0 145 145 145 0 0 50
65 65 65 65 65 65 65 65 65 65 65 65 65 65 65 65 65 65 65 65 65 65 45 45 45 45 45 45 45 45 45 45 45 45 45 45 45 45 45 45 45 45 45 45 45 45 45 45 45 45 45 45 45 45 45 45 45 75 75 75 75 75 75 75 75 75 75 75 75 75 75 75 75 0 0 0 0 0 0 40 145 0 0 0 10
65 65 65 65 65 65 65 65 65 65 65 65 65 65 65 65 65 65 65 65 65 65 45 45 45 45 45 45 45 45 45 45 45 45 45 45 45 45 45 45 45 45 45 45 45 45 45 45 45 45 45 45 45 45 75 75 75 75 75 75 75 75 75 75 75 75 75 75 75 75 75 75 0 0 0 0 0 0 40 40 40 40 0 10 10
65 65 65 65 65 65 65 65 65 65 65 65 65 65 65 65 65 65 65 65 65 65 45 45 45 45 45 45 45 45 45 45 45 45 45 45 45 45 45 45 45 45 45 45 45 45 45 45 45 45 45 45 75 75 75 75 75 75 75 75 0 0 75 75 75 75 75 75 75 75 75 0 0 0 0 0 0 0 40 40 25 25 40 40 40
65 65 65 65 65 65 65 65 65 65 65 65 65 45 65 45 45 45 45 45 45 45 45 45 45 45 45 45 45 45 45 45 45 45 45 45 45 45 45 45 45 45 45 45 45 45 45 45 45 45 45 45 45 75 75 75 75 75 75 75 0 0 0 0 0 75 75 75 75 0 0 0 0 0 0 0 45 45 40 35 25 40 40 30 30
65 65 65 65 65 65 65 65 65 65 65 65 45 45 45 45 45 45 45 45 45 45 45 45 45 45 45 45 45 45 45 45 45 45 45 45 45 45 45 45 45 45 45 45 45 45 45 45 45 45 45 45 45 45 45 75 75 75 75 75 0 0 0 0 0 0 75 75 0 0 0 0 0 0 0 45 45 45 35 35 35 25 40 65 65
65 65 65 65 65 65 65 65 65 65 65 65 65 45 45 45 45 45 45 45 45 45 45 45 45 45 45 45 45 45 45 45 45 45 45 45 45 45 45 45 45 45 45 45 45 45 45 45 45 45 45 45 45 45 45 45 75 75 75 0 0 0 0 0 0 0 0 0 0 0 0 0 0 0 0 45 40 40 35 35 25 25 25 40 40
65 65 65 65 65 65 65 65 65 45 45 45 45 45 45 45 45 45 45 45 45 45 45 45 45 45 45 45 45 45 45 45 45 45 45 45 45 45 45 45 45 45 45 45 45 45 45 45 45 45 45 45 45 45 45 45 45 45 45 0 0 0 0 0 0 0 0 0 0 0 0 0 0 0 0 45 40 35 35 25 25 25 40 40 40
65 65 65 65 65 65 65 65 45 45 45 45 45 45 45 45 45 45 45 45 45 45 45 45 45 45 45 45 45 45 45 45 45 45 45 45 45 45 45 45 45 45 45 45 45 45 45 45 45 45 45 45 45 45 45 45 45 45 45 0 0 0 0 60 60 60 0 0 0 0 0 0 0 0 0 40 40 40 40 25 25 25 40 40 40
65 65 65 65 65 65 45 45 45 45 45 45 45 45 45 45 45 45 45 45 45 45 45 45 45 45 45 45 45 45 45 45 45 45 45 45 45 45 45 45 45 45 45 45 45 45 45 45 45 45 45 45 45 45 45 45 45 45 45 60 60 60 60 95 95 95 60 60 0 0 0 0 0 0 0 40 45 45 45 45 45 40 40 40 40
65 65 65 65 65 45 45 45 45 45 45 45 45 45 45 45 45 45 45 45 45 0 0 0 0 0 45 45 45 45 45 45 45 45 45 45 45 45 45 45 45 45 45 45 45 45 45 45 45 45 45 45 45 45 45 45 45 45 45 60 60 60 95 95 95 45 60 60 75 0 75 75 75 0 0 25 25 25 25 45 45 40 40 40 40
65 45 45 45 45 45 45 45 45 45 45 45 45 45 45 45 45 45 45 45 45 0 0 0 0 0 0 0 45 45 45 45 45 45 45 45 45 45 45 45 45 45 45 45 45 45 45 45 45 45 45 45 45 45 45 45 45 60 60 60 60 60 95 95 95 45 45 125 125 75 125 125 75 75 0 25 25 25 25 45 40 40 40 40 40
45 45 45 45 45 45 45 45 45 45 45 45 45 45 45 45 45 45 45 45 0 0 0 0 0 0 0 0 0 45 45 45 45 45 45 45 45 45 45 45 45 45 45 45 45 45 45 45 45 45 45 45 45 45 45 45 45 60 60 60 60 60 60 40 120 120 45 125 125 125 65 65 65 130 130 35 25 25 25 45 40 40 40 40 40
45 45 45 45 45 45 45 45 45 45 45 45 45 45 45 45 45 45 45 0 0 0 0 0 0 0 0 0 0 0 45 45 45 45 45 45 45 45 45 45 45 45 45 45 45 45 45 45 45 45 45 45 45 45 45 45 45 60 60 60 60 60 60 40 40 40 120 120 120 120 125 130 130 65 130 35 35 60 60 60 40 40 40 40 40
45 45 45 45 45 45 45 45 45 45 45 45 45 45 45 45 0 0 0 0 0 0 0 0 0 0 0 0 0 0 0 0 45 45 45 45 45 45 45 45 45 45 45 45 45 45 45 45 45 45 45 45 45 45 45 45 45 65 65 60 60 60 60 60 40 40 120 120 120 120 320 320 320 130 130 35 35 60 60 60 60 15 40 40 40
45 45 45 45 45 45 45 45 45 45 45 45 45 45 45 0 0 0 0 0 0 0 0 0 0 0 0 0 0 0 0 0 0 0 45 45 45 45 45 45 45 45 45 45 45 45 45 45 45 45 45 45 45 45 45 45 45 65 65 65 65 60 60 60 60 60 120 120 120 120 90 320 320 95 95 55 40 40 60 60 60 15 15 15 155
45 45 45 45 45 45 45 45 45 45 45 45 45 45 0 0 0 0 0 0 0 0 0 0 0 0 0 0 0 0 0 0 0 0 90 90 45 45 45 45 45 45 45 45 45 45 45 45 45 45 45 45 45 45 45 45 65 65 65 65 65 65 65 65 60 60 120 120 120 90 90 320 320 95 95 55 40 40 40 40 15 60 15 155 155
45 45 45 45 45 45 45 45 45 45 45 45 45 45 0 0 0 0 0 0 0 0 0 0 0 0 0 0 0 0 0 0 0 0 90 90 90 45 45 45 45 45 45 45 45 45 45 45 45 45 45 45 45 45 45 45 65 65 65 65 65 65 65 65 90 90 90 90 90 90 90 55 55 95 95 55 40 40 40 40 15 15 35 35 90
45 45 45 45 45 45 45 45 45 45 45 45 45 0 0 0 0 0 0 0 0 0 0 0 0 0 0 0 0 0 0 0 0 90 90 90 90 90 90 45 45 45 45 45 45 45 45 90 45 45 45 45 45 45 45 45 65 65 65 65 65 65 65 90 90 90 90 90 90 90 95 55 55 55 95 55 55 10 10 10 50 55 60 60 90
45 45 45 45 45 45 45 45 45 45 0 0 0 0 0 0 0 0 0 0 0 0 0 0 0 0 0 0 0 0 0 90 90 90 90 90 90 90 90 90 45 45 45 45 45 45 45 90 90 45 45 45 45 45 45 45 65 65 65 65 65 65 65 90 75 75 75 90 90 90 95 95 95 55 95 55 55 10 10 10 15 50 55 65 60
45 45 45 45 45 45 45 45 45 0 0 0 0 0 0 0 0 0 0 0 0 0 0 0 0 0 0 0 0 90 90 90 90 90 90 90 90 90 90 90 90 90 45 45 45 45 45 90 90 90 45 45 45 45 45 65 65 65 65 65 65 65 65 75 75 75 75 70 70 95 95 95 95 95 95 55 55 55 25 25 15 30 30 55 45
45 45 45 45 45 45 45 45 0 0 0 0 0 0 0 0 0 0 0 0 0 0 0 0 0 0 0 0 90 90 90 90 90 90 90 90 90 90 90 90 90 90 90 90 45 45 45 90 90 90 90 90 90 45 45 65 65 65 65 65 65 65 65 65 75 70 70 70 70 60 60 95 95 95 120 55 55 25 25 25 25 55 55 30 50
45 45 45 45 45 45 45 0 0 0 0 0 0 0 0 0 0 0 0 0 0 0 0 0 0 0 0 90 90 90 90 90 90 90 90 90 90 90 90 90 90 90 90 90 90 45 45 90 90 90 90 90 90 90 65 65 65 65 65 65 65 65 50 65 70 70 70 70 55 60 60 60 120 120 120 55 55 25 25 100 100 100 55 50 50
0 45 45 45 45 45 0 0 0 0 0 0 0 0 0 0 0 0 0 0 0 0 0 0 0 0 90 90 90 90 90 90 90 90 90 90 90 90 90 90 90 90 90 90 90 90 90 90 90 90 90 90 90 90 65 65 65 65 65 65 65 50 50 50 25 70 70 55 55 55 55 120 150 150 120 55 120 120 120 120 120 100 55 55 55
0 0 45 45 0 0 0 0 0 0 0 0 0 0 0 0 0 0 0 0 0 0 0 90 90 90 90 90 90 90 90 90 90 90 90 90 90 90 90 90 90 90 90 90 90 90 90 90 90 90 90 90 90 90 65 65 65 65 65 65 65 50 50 25 25 25 25 55 55 55 120 150 150 150 120 40 15 15 40 40 40 120 20 55 55
0 0 0 0 0 0 0 0 0 0 0 0 0 0 0 0 0 0 0 0 0 0 90 90 90 90 90 90 90 90 90 90 90 90 90 90 90 90 90 90 90 90 90 90 90 90 90 90 90 90 90 90 65 65 65 65 65 65 65 35 35 35 50 25 25 45 45 45 55 120 95 0 45 45 40 40 15 40 40 40 40 20 20 20 20
