Datasets/african.asc
ncols         383
nrows         239
xllcorner     -73.976723696231
yllcorner     45.396293541168
cellsize      0.0013089085639051
NODATA_value  -9999
[rows 114 to 151 of 239, columns 255 to 339 of 383]
20 15 0 40 10 10 10 100 75 75 75 75 75 75 75 75 75 75 75 75 75 75 20 20 35 35 35 35 75 30 75 75 75 40 60 60 55 60 30 30 85 85 85 135 135 135 135 55 55 55 60 100 100 15 15 15 0 0 0 0 0 0 0 0 0 0 0 0 0 0 0 0 0 130 60 60 50 50 50 50 40 40 40 40 0
20 15 15 10 10 10 100 100 45 45 75 75 75 75 75 75 75 75 75 75 75 75 65 25 20 20 35 100 100 50 30 40 40 40 120 120 120 45 45 45 45 25 25 25 25 25 55 55 55 55 30 30 30 30 95 95 45 45 0 0 0 0 0 0 0 0 0 0 0 0 0 0 0 130 130 70 70 50 50 50 40 40 10 30 30
15 15 15 0 0 0 45 100 45 45 45 75 75 75 75 75 75 75 75 75 75 65 25 60 60 60 100 100 50 50 50 40 40 40 120 120 120 30 30 30 45 50 10 10 55 55 55 55 55 55 25 25 25 0 0 15 15 50 50 50 50 90 20 20 0 0 0 0 0 0 0 15 15 15 15 70 70 70 0 0 10 10 10 0 10
30 100 55 55 70 70 45 45 45 45 95 95 95 95 95 75 75 75 65 65 65 65 65 0 60 60 0 60 100 50 50 50 50 0 120 120 30 30 30 30 50 50 50 45 10 45 45 55 55 15 15 25 25 0 0 10 10 35 35 35 50 90 90 90 45 45 45 0 0 0 25 25 25 25 70 70 70 70 0 0 0 0 0 0 10
55 55 55 70 70 70 70 70 45 10 10 10 10 95 95 100 110 65 95 95 95 95 60 60 0 0 0 70 70 95 70 70 70 0 0 0 30 30 0 0 0 50 50 45 45 45 45 35 35 0 15 15 20 20 0 65 45 45 45 45 40 40 90 15 15 45 45 45 65 0 30 30 30 30 90 90 70 0 0 0 0 15 15 0 0
55 55 55 70 70 70 70 70 70 95 95 95 95 95 110 110 100 100 30 30 95 30 30 90 75 30 30 70 70 70 35 35 35 35 0 0 0 0 25 25 25 25 0 0 45 35 35 35 25 25 0 35 35 35 25 25 80 80 45 45 85 70 70 60 15 15 15 15 100 10 10 10 90 90 90 90 70 15 0 0 0 15 15 25 20
55 55 55 70 70 70 70 70 70 70 95 95 95 110 110 110 110 85 85 85 30 30 55 70 90 75 75 30 30 70 30 30 35 35 0 0 0 10 0 0 0 0 0 0 35 35 35 0 0 0 0 0 0 0 25 25 80 80 85 85 85 85 15 15 60 25 25 25 100 10 10 10 15 15 15 90 90 15 15 10 10 25 25 20 20
0 20 15 15 70 70 70 70 70 70 45 45 45 45 45 110 25 25 85 85 85 90 100 55 70 105 105 80 80 55 30 30 0 0 0 0 15 10 10 0 0 0 0 0 0 10 10 10 30 30 0 0 10 10 10 25 80 85 85 85 85 0 0 65 65 25 25 25 0 0 0 15 15 15 15 55 55 15 15 10 10 10 0 0 20
0 25 15 15 15 50 50 50 30 30 30 90 90 90 45 40 40 40 65 25 25 65 90 90 25 10 10 105 15 15 55 55 0 0 0 0 15 15 15 0 0 0 0 0 0 0 0 0 10 10 0 0 20 20 20 10 10 60 60 25 25 25 0 20 20 25 25 25 0 0 0 0 0 0 20 20 20 0 0 0 0 0 75 10 10
85 25 25 25 40 50 50 50 45 10 30 90 90 90 10 10 40 40 35 20 20 70 25 60 60 60 60 25 0 40 15 15 15 0 0 10 10 10 10 0 0 0 0 0 0 0 10 10 0 0 0 0 25 25 0 10 60 60 20 0 0 0 0 20 20 20 25 25 25 30 40 0 10 10 30 30 0 0 40 10 10 0 75 75 75
85 70 70 70 40 40 40 0 45 10 0 0 10 10 10 0 10 40 65 35 35 20 20 15 60 60 60 0 25 0 25 15 15 15 0 25 25 10 0 0 0 0 10 35 35 15 10 10 10 0 0 15 0 0 0 15 35 20 20 0 0 0 0 15 15 15 40 40 25 25 40 40 20 10 10 10 0 75 40 10 10 75 75 75 75
70 70 70 10 10 10 10 35 0 0 0 0 10 10 0 0 0 15 15 65 65 65 35 15 15 10 0 0 0 20 25 25 35 35 35 35 0 10 10 10 10 0 35 35 35 15 10 10 55 55 50 50 165 50 50 135 135 135 135 135 135 20 0 15 15 15 10 10 40 60 0 0 30 30 30 75 75 75 20 10 10 10 75 75 75
60 60 10 0 0 0 0 0 35 15 0 35 35 35 0 0 0 25 25 15 15 25 25 15 0 0 10 10 10 20 20 25 10 10 10 35 0 0 10 10 10 10 35 35 15 15 15 15 15 55 50 50 50 50 50 135 135 135 135 135 135 135 115 115 115 15 15 15 15 0 60 0 0 60 60 60 30 75 20 20 75 75 75 75 75
45 45 10 10 10 0 0 0 15 0 0 0 10 10 0 0 40 40 0 20 20 25 25 25 0 0 0 0 0 0 20 40 15 10 10 50 10 0 0 0 0 30 30 35 15 15 15 15 15 15 15 50 50 135 135 135 135 135 135 135 135 135 115 115 115 45 45 45 0 0 40 15 0 60 60 60 60 0 0 20 20 20 20 75 75
45 35 35 35 20 20 20 20 15 15 0 0 0 10 10 0 0 15 25 20 20 10 10 20 20 20 10 10 10 10 0 0 0 10 10 20 20 50 10 0 0 0 0 0 15 15 15 15 15 15 15 15 50 135 135 135 135 135 135 135 135 135 115 115 45 45 45 45 0 0 40 40 40 20 20 20 60 20 20 20 20 20 20 -9999 -9999
45 35 35 35 35 35 20 20 20 0 0 0 30 30 30 15 0 20 10 10 10 25 25 0 0 0 0 0 0 0 0 0 10 10 10 10 50 50 50 50 50 50 10 10 25 15 10 10 20 15 15 15 25 25 25 45 45 45 45 45 45 45 45 115 45 45 0 0 0 0 40 40 0 0 0 0 20 35 35 35 20 20 -9999 -9999 -9999
35 35 35 30 30 30 30 30 30 0 0 15 15 30 30 10 10 20 20 0 0 0 0 0 10 0 0 0 0 10 10 0 15 15 15 10 50 50 50 50 50 50 50 0 25 0 10 10 10 20 10 40 0 25 25 25 15 15 40 45 45 45 45 25 25 35 40 40 40 25 25 25 0 0 0 0 35 35 35 35 -9999 -9999 -9999 -9999 -9999
35 35 35 35 35 35 30 30 0 0 0 0 15 0 0 0 30 30 30 15 0 0 20 0 10 10 0 0 25 10 10 20 10 10 10 30 45 45 30 50 50 50 50 0 0 25 25 0 0 10 0 10 15 0 0 0 15 15 40 40 45 45 45 45 25 0 0 45 45 45 45 85 85 0 35 35 35 35 35 35 -9999 -9999 -9999 -9999 -9999
35 35 35 35 35 35 35 35 0 0 0 0 0 0 0 0 110 110 110 10 20 20 20 20 0 0 10 25 25 25 10 20 20 30 30 30 30 30 30 30 30 30 10 10 0 0 10 0 0 0 0 0 0 10 0 0 0 0 40 40 0 0 0 45 45 10 0 35 35 35 85 85 85 85 35 35 35 35 -9999 -9999 -9999 -9999 -9999 -9999 -9999
35 35 35 35 35 35 0 0 0 0 0 0 0 0 0 110 110 110 0 10 10 10 10 15 15 30 30 10 10 0 0 10 120 120 120 10 15 30 30 40 40 40 10 0 10 10 10 10 10 0 0 0 0 15 15 15 0 25 25 50 0 0 20 20 10 10 20 20 20 35 85 85 85 85 35 35 35 35 -9999 -9999 -9999 -9999 -9999 -9999 -9999
130 130 130 130 0 0 0 0 0 0 0 0 0 0 0 110 110 110 30 0 15 15 0 0 15 0 0 30 30 0 0 0 10 10 120 120 15 15 45 45 40 40 40 40 40 10 0 0 0 15 25 30 15 10 10 15 15 0 10 50 50 0 0 0 10 25 25 20 20 20 85 85 85 85 85 85 85 35 -9999 -9999 -9999 -9999 -9999 -9999 -9999
15 15 10 20 20 0 30 30 30 30 30 0 0 0 110 110 110 30 30 30 30 30 15 15 0 0 0 15 15 15 0 0 10 10 120 120 120 120 45 45 45 45 45 40 15 15 0 0 0 15 15 15 15 0 10 10 10 10 10 20 0 45 45 45 25 25 25 20 20 80 80 75 85 85 85 85 85 70 -9999 -9999 -9999 -9999 -9999 -9999 -9999
0 0 15 40 15 0 0 15 15 35 35 20 20 70 70 70 75 30 30 30 30 30 25 25 25 0 0 0 0 15 0 0 0 0 120 120 120 50 50 45 10 45 45 45 45 0 0 0 0 0 25 0 0 0 0 0 0 0 15 0 20 45 45 25 25 25 25 20 20 20 75 75 45 70 70 70 70 -9999 -9999 -9999 -9999 -9999 -9999 0 0
70 70 0 0 40 35 35 15 15 25 20 20 45 10 15 15 75 75 75 75 10 10 10 10 10 10 25 25 25 0 0 0 0 0 0 0 20 50 50 50 20 10 10 0 0 0 0 0 0 0 0 0 20 20 0 0 0 0 55 55 35 10 10 0 25 25 20 20 10 10 10 45 10 105 70 70 70 -9999 -9999 -9999 -9999 0 0 0 0
20 20 20 25 30 30 35 45 45 15 0 0 0 10 10 10 35 10 75 75 10 10 10 10 10 10 10 10 10 10 10 20 20 20 20 20 20 20 0 10 20 20 20 15 15 0 15 15 35 35 35 0 10 20 0 0 0 0 0 0 35 35 35 0 0 30 20 20 10 10 10 45 10 105 105 70 70 -9999 -9999 -9999 -9999 -9999 -9999 -9999 -9999
20 20 20 15 15 40 60 45 45 50 0 35 20 20 30 30 30 10 75 0 0 10 10 10 10 10 15 10 10 10 10 0 0 20 0 0 20 20 80 10 15 15 15 25 25 15 15 0 0 0 10 10 15 0 0 0 0 0 0 0 45 35 35 35 35 30 30 10 10 10 10 105 105 105 70 70 70 -9999 -9999 -9999 0 0 0 0 -9999
20 15 15 15 15 15 15 15 15 15 50 50 40 55 55 55 60 25 25 0 0 0 0 0 15 15 0 15 10 10 0 0 10 0 0 0 0 80 80 80 15 15 15 15 25 15 0 0 0 0 0 0 0 0 0 0 0 0 0 0 45 45 45 45 45 45 30 15 15 15 15 105 105 105 70 70 70 -9999 -9999 -9999 0 0 0 0 0
20 15 15 15 15 15 15 15 15 15 15 20 20 20 20 20 20 15 45 45 45 0 0 0 0 0 15 0 0 0 0 0 0 20 20 0 0 0 80 0 10 10 10 30 30 30 0 0 30 30 0 35 35 30 30 0 0 0 0 30 30 30 60 60 45 25 25 15 25 25 60 60 60 105 70 -9999 -9999 -9999 -9999 0 0 0 0 0 0
20 15 15 15 15 15 15 15 15 15 20 20 20 20 20 20 20 15 15 0 45 15 15 15 0 0 30 0 0 0 10 0 0 0 10 20 20 0 0 0 20 20 25 25 30 15 15 30 30 30 30 0 35 30 30 0 0 0 0 25 25 30 60 60 60 25 15 15 15 25 25 60 60 60 70 -9999 -9999 -9999 -9999 0 0 0 0 0 0
10 10 10 15 15 15 15 15 15 15 20 20 20 20 20 15 15 15 15 15 0 0 0 15 15 10 10 0 0 0 0 0 15 0 0 0 0 0 0 0 0 0 25 25 25 45 0 0 0 15 0 0 10 20 15 0 0 0 35 25 25 45 60 60 60 60 35 15 20 20 20 60 60 60 60 -9999 -9999 -9999 -9999 0 0 0 0 0 0
10 10 10 25 25 35 15 15 80 80 80 40 20 20 15 15 15 15 15 20 0 0 0 0 15 15 15 0 0 0 0 0 0 15 15 0 0 0 10 10 15 0 0 0 25 25 20 0 0 0 0 20 20 20 20 20 20 50 20 60 45 10 15 45 10 35 0 0 20 20 20 30 30 60 60 -9999 -9999 -9999 -9999 -9999 0 0 0 0 0
10 25 25 25 25 35 35 35 40 40 80 40 40 40 70 15 15 15 15 20 45 45 0 0 10 10 15 15 10 10 0 0 0 0 30 15 15 10 10 0 0 15 0 0 0 0 20 15 15 0 0 20 20 20 10 35 35 35 60 60 10 10 20 20 15 30 20 20 20 30 30 30 30 30 -9999 -9999 -9999 -9999 -9999 -9999 0 0 0 0 0
10 25 35 35 35 35 35 40 40 40 40 40 40 70 70 0 0 0 0 45 45 45 0 0 0 10 10 10 10 10 10 0 0 20 30 15 15 10 10 10 10 20 20 20 0 0 0 15 15 0 0 20 20 15 10 15 35 35 60 60 60 35 10 10 35 35 30 30 30 30 30 30 30 30 -9999 -9999 -9999 -9999 -9999 -9999 0 0 0 0 0
40 35 35 35 35 35 35 40 40 40 40 40 60 70 15 15 15 15 0 0 0 0 0 0 0 0 0 0 10 0 0 0 20 20 20 20 20 20 20 10 10 20 20 20 20 0 20 0 15 0 0 0 20 20 20 15 15 15 20 60 60 60 60 60 35 35 35 35 30 30 30 150 30 30 -9999 -9999 -9999 -9999 -9999 -9999 0 0 0 0 0
40 40 40 40 35 35 60 60 40 40 40 60 15 0 10 15 15 15 0 0 0 0 0 0 0 0 0 0 0 0 0 0 20 20 20 105 105 105 105 105 105 105 105 105 105 20 20 0 0 0 0 15 20 10 20 20 15 15 20 20 20 60 60 40 40 40 40 35 35 150 150 150 60 10 -9999 -9999 -9999 -9999 -9999 -9999 0 0 0 0 0
40 40 40 40 40 60 60 60 60 60 60 15 0 10 30 30 60 60 0 0 0 0 0 0 0 0 0 0 0 0 0 20 20 20 105 105 105 105 105 105 105 105 105 105 105 105 105 0 0 0 0 10 20 25 25 10 40 40 40 10 10 25 65 65 65 35 35 35 35 150 60 60 60 -9999 -9999 -9999 -9999 -9999 -9999 -9999 0 0 0 0 0
40 40 40 40 60 60 60 80 80 25 25 235 150 270 115 30 60 60 60 0 0 0 0 0 0 0 0 0 0 0 0 0 0 0 0 105 105 105 105 105 105 105 105 105 105 105 105 105 0 45 45 45 10 15 25 25 25 25 40 10 25 20 65 65 65 15 35 35 150 60 60 60 10 10 -9999 -9999 -9999 -9999 -9999 -9999 0 0 0 0 0
20 20 40 40 65 60 60 60 80 140 140 175 150 270 60 60 60 60 35 35 20 50 35 0 0 0 0 0 0 0 0 0 0 0 0 105 105 105 105 105 105 105 105 105 105 105 105 105 105 25 45 45 45 45 10 25 25 25 25 40 40 50 50 15 15 15 15 15 150 60 60 60 -9999 10 -9999 -9999 -9999 -9999 -9999 -9999 -9999 0 0 0 0
