Datasets/american.asc
ncols         383
nrows         239
xllcorner     -73.976723696231
yllcorner     45.396293541168
cellsize      0.0013089085639051
NODATA_value  -9999
[rows 111 to 147 of 239, columns 255 to 339 of 383]
125 125 125 110 110 110 110 110 110 125 125 125 125 125 125 125 125 125 125 125 125 225 225 185 185 185 60 60 65 65 80 80 50 50 50 30 40 85 85 85 140 10 10 65 45 45 25 25 30 30 30 60 60 30 0 0 0 0 0 0 0 0 0 0 0 0 0 0 0 0 0 0 0 0 0 0 0 25 25 25 20 20 70 70 70
0 0 30 30 110 110 110 110 125 125 125 125 125 125 125 125 125 125 125 125 125 225 225 225 60 60 60 60 65 65 65 65 50 50 75 30 110 110 110 85 140 10 10 10 80 80 45 45 55 55 30 30 30 30 0 0 0 0 0 0 0 0 0 0 0 0 0 0 0 0 0 0 0 0 40 40 40 25 25 25 25 25 70 70 70
0 0 30 30 10 10 110 110 125 125 125 125 125 125 125 125 125 125 125 125 125 125 125 115 115 60 60 105 60 60 65 95 95 25 75 120 110 110 110 85 10 10 10 80 80 80 80 55 55 55 95 95 95 60 0 0 0 0 0 0 0 0 0 0 0 0 0 0 0 0 0 0 0 15 15 15 25 25 25 25 25 25 25 25 25
0 0 0 30 10 10 10 90 125 125 125 125 125 125 125 125 125 125 125 125 125 125 80 80 115 115 115 115 105 45 105 105 105 50 125 125 25 125 20 20 10 10 10 80 80 80 80 55 55 55 100 95 95 60 60 20 0 0 0 0 0 0 0 0 0 0 0 0 0 0 0 0 0 35 15 15 25 25 25 25 25 25 25 25 15
0 0 0 10 10 10 90 90 50 50 125 125 125 125 125 125 125 125 125 125 125 125 65 35 80 80 115 55 55 45 45 50 50 50 130 130 130 85 85 85 85 30 30 30 30 30 55 55 55 55 20 20 20 20 20 20 75 75 0 0 0 0 0 0 0 0 0 0 0 0 0 0 0 35 35 65 65 25 25 25 25 25 0 0 0
0 0 0 0 0 0 30 90 50 50 50 125 125 125 125 125 125 125 125 125 125 65 35 25 25 25 55 55 45 45 45 50 50 50 130 130 130 35 35 35 85 40 45 45 55 55 55 55 55 55 35 35 35 20 20 65 40 20 20 20 40 90 45 45 0 0 0 0 0 0 0 25 25 25 25 65 65 65 30 30 30 30 0 15 10
25 95 70 70 40 40 30 30 30 30 70 70 70 75 75 125 125 125 65 65 65 65 65 20 25 25 20 25 55 45 40 40 40 20 130 130 35 35 35 35 40 40 40 10 45 10 10 55 55 25 25 35 35 20 20 65 65 30 30 30 20 90 90 90 45 45 45 0 0 0 25 25 25 25 65 65 65 65 30 30 30 30 15 15 10
70 70 70 40 40 40 40 40 30 25 25 25 25 75 75 40 35 50 105 105 105 105 40 40 20 20 20 45 45 20 45 45 45 20 20 20 35 35 20 20 20 40 40 10 10 10 10 0 0 15 25 25 15 15 20 70 80 80 80 80 40 40 90 50 50 45 45 45 15 0 35 35 35 35 65 65 65 30 30 30 30 25 25 10 10
70 70 70 40 40 40 40 40 40 75 75 75 75 75 35 35 40 40 60 60 105 65 65 85 70 10 10 45 45 45 60 60 60 60 10 10 10 20 0 0 0 0 20 20 10 0 0 0 35 35 15 20 20 20 40 40 100 100 80 80 130 25 25 150 50 50 50 50 25 0 0 0 65 65 65 65 65 15 30 30 30 25 25 0 0
70 70 70 40 40 40 40 40 40 40 75 75 75 35 35 35 35 55 55 55 60 60 60 30 85 70 70 10 10 45 0 0 60 60 30 30 10 30 20 20 20 0 0 0 0 0 0 15 15 15 20 20 20 20 40 40 100 100 130 130 130 130 25 25 150 55 55 55 25 25 25 0 40 40 40 65 65 15 15 15 15 0 0 0 0
35 10 35 35 40 40 40 40 40 40 70 70 70 70 70 35 125 125 55 55 55 45 45 60 30 95 95 50 50 25 0 0 30 30 30 30 0 30 30 0 0 0 0 20 20 10 10 10 0 0 15 15 0 0 0 40 100 130 130 130 130 30 30 0 0 55 55 55 10 10 10 40 40 40 40 30 30 15 15 15 15 15 15 15 0
35 25 35 35 35 40 40 40 0 0 0 30 30 30 70 40 40 40 45 125 125 30 45 45 25 20 20 95 15 15 25 25 0 0 0 0 0 0 0 10 10 0 0 20 20 0 0 0 10 10 15 15 10 10 10 0 0 75 75 30 30 30 30 60 20 55 55 55 10 10 10 0 0 0 20 20 20 50 10 10 10 0 25 10 10
40 25 25 25 55 40 40 40 25 25 0 30 30 30 20 20 40 40 40 15 15 15 45 35 35 35 35 20 25 110 80 80 80 15 15 0 0 0 10 15 15 10 10 20 0 0 0 0 0 0 0 0 0 0 0 0 75 75 0 10 10 10 0 60 20 20 30 30 30 25 40 0 15 15 15 15 15 15 10 0 0 0 25 25 25
40 50 50 50 55 55 55 10 25 25 10 10 10 10 20 15 20 40 0 40 40 15 15 35 35 35 35 20 20 25 40 80 80 80 10 10 10 30 15 15 15 0 10 30 30 25 0 0 0 10 10 10 0 0 0 30 10 0 0 10 10 10 0 25 25 25 20 20 30 30 40 40 15 15 15 15 15 15 10 0 0 25 25 25 25
50 50 50 45 45 45 45 15 10 30 30 10 10 10 0 15 15 30 30 0 0 0 40 35 35 0 15 15 15 20 40 40 50 50 50 50 10 40 30 30 30 0 30 30 30 30 0 0 30 30 45 45 65 45 45 45 45 45 45 45 45 0 0 25 25 25 10 10 20 40 20 20 60 60 60 15 15 15 25 25 25 25 25 25 25
30 30 35 25 25 15 15 15 15 30 30 15 15 15 0 0 0 30 30 30 30 15 15 35 25 10 0 0 0 20 20 40 75 75 75 50 25 0 40 40 40 30 30 30 30 30 30 30 30 30 45 45 45 45 45 45 45 45 45 45 45 45 80 80 80 20 20 20 20 35 40 0 0 50 50 50 35 15 25 25 25 25 25 25 25
55 55 35 35 35 20 20 20 15 15 20 20 50 50 10 10 25 25 45 25 25 30 30 15 0 25 10 10 25 10 20 10 10 75 75 65 45 25 25 25 25 10 10 30 30 30 30 30 30 30 30 45 45 45 45 45 45 45 45 45 45 45 80 80 80 25 25 25 35 35 10 10 0 50 50 50 50 25 25 20 20 20 20 25 25
55 50 50 50 0 0 0 0 15 15 25 20 15 10 10 10 0 30 25 25 25 75 75 0 0 0 0 0 0 20 0 0 0 15 15 0 0 65 45 25 25 25 0 0 30 30 30 30 10 10 10 10 45 45 45 45 45 45 45 45 45 45 80 80 25 25 25 25 35 35 10 10 10 15 15 15 50 10 20 20 20 20 20 -9999 -9999
55 50 50 50 50 50 0 0 0 15 25 25 25 25 25 0 10 15 25 25 25 25 25 40 40 0 0 0 0 10 10 0 10 10 10 15 65 65 65 65 65 65 10 10 10 10 55 55 15 10 10 10 45 45 45 30 30 30 30 30 30 30 30 80 25 25 35 35 35 35 10 10 25 25 25 25 10 30 30 30 20 20 -9999 -9999 -9999
50 50 50 60 60 60 60 60 60 0 15 35 35 25 25 10 10 15 15 15 15 15 15 15 25 40 0 0 0 20 20 10 10 10 10 10 65 65 65 65 65 65 65 25 10 30 55 55 55 15 20 15 15 45 45 45 20 20 20 30 30 30 30 20 20 15 40 40 40 30 30 30 25 25 25 25 30 30 30 30 -9999 -9999 -9999 -9999 -9999
50 50 50 50 50 50 60 60 0 0 0 0 35 35 35 35 0 0 0 35 15 15 30 15 15 25 40 40 70 20 20 35 20 20 20 20 30 30 50 65 65 65 65 25 25 10 10 30 30 20 10 0 0 15 15 10 20 20 20 20 30 30 30 20 20 30 30 35 35 35 35 50 50 25 30 30 30 30 30 30 -9999 -9999 -9999 -9999 -9999
50 50 50 50 50 50 50 50 0 0 0 0 0 0 0 0 110 110 110 10 10 10 10 10 10 10 55 70 70 70 20 35 35 25 25 25 25 50 50 50 50 50 20 20 35 25 25 30 30 10 10 10 10 0 10 10 10 15 20 20 25 25 25 20 20 25 30 35 35 35 50 50 50 50 30 30 30 30 -9999 -9999 -9999 -9999 -9999 -9999 -9999
50 50 50 50 50 50 0 0 0 0 0 0 0 0 0 110 110 110 25 10 10 10 10 15 15 30 30 55 55 0 0 20 60 60 60 25 35 50 50 45 45 45 0 10 20 20 25 25 25 10 10 10 0 25 0 0 0 10 10 30 25 25 35 35 30 25 35 35 35 35 50 50 50 50 30 30 30 30 -9999 -9999 -9999 -9999 -9999 -9999 -9999
70 70 70 70 20 20 0 0 0 0 0 0 0 0 0 110 110 110 35 25 30 30 0 0 15 10 15 30 30 25 25 0 15 15 60 60 35 35 25 25 45 45 45 45 45 0 15 15 15 30 45 0 10 30 30 25 25 0 0 30 30 0 0 0 30 20 20 35 35 35 50 50 50 50 50 50 50 30 -9999 -9999 -9999 -9999 -9999 -9999 -9999
35 35 20 60 60 20 100 100 100 100 100 0 0 0 110 110 110 35 35 35 35 35 30 30 20 20 10 20 20 20 25 50 15 15 60 60 60 60 25 25 25 25 25 45 15 15 10 15 15 30 30 10 10 20 30 30 30 15 15 25 15 55 55 55 40 40 20 35 35 20 20 30 50 50 50 50 50 50 -9999 -9999 -9999 -9999 -9999 -9999 -9999
50 50 35 15 35 20 20 0 0 35 35 40 40 30 30 30 70 35 35 35 35 35 20 20 20 20 50 50 50 0 50 50 50 50 60 60 60 50 50 25 25 25 25 25 25 10 20 15 15 15 45 15 15 20 20 20 0 0 25 10 25 55 55 40 40 40 40 20 20 20 30 30 20 50 50 50 50 -9999 -9999 -9999 -9999 -9999 -9999 0 0
115 115 0 0 15 35 35 30 30 15 30 30 45 20 30 30 70 70 70 70 25 25 25 25 25 25 20 20 20 50 50 50 50 50 50 50 30 50 50 50 35 25 25 20 20 0 15 15 20 20 0 0 15 15 20 20 0 0 120 120 70 30 30 15 40 40 35 35 40 40 40 20 15 65 50 50 50 -9999 -9999 -9999 -9999 0 0 0 0
0 0 0 15 25 25 35 15 15 30 15 15 20 20 25 25 25 15 70 70 25 25 25 25 25 25 40 40 40 40 40 30 30 30 30 30 30 30 30 40 35 50 50 30 30 0 35 35 30 30 30 0 35 15 0 0 0 0 0 0 70 70 70 15 15 85 35 35 40 40 40 20 15 65 65 50 50 -9999 -9999 -9999 -9999 -9999 -9999 -9999 -9999
0 0 0 15 15 10 25 15 15 30 25 30 45 45 15 15 15 25 70 65 65 25 25 25 25 40 40 50 40 40 40 10 10 30 30 30 30 30 25 40 25 25 25 30 30 25 25 35 30 30 15 15 20 0 0 0 0 0 0 0 20 70 70 70 70 85 85 40 40 40 40 65 65 65 50 50 50 -9999 -9999 -9999 0 0 0 0 -9999
0 15 15 15 15 0 10 10 10 10 30 30 30 0 25 25 30 30 30 65 65 65 65 65 70 70 45 40 50 50 30 30 40 25 30 30 30 25 25 25 25 25 25 25 30 25 35 35 35 35 25 25 25 0 0 0 0 0 0 0 20 20 20 20 40 40 85 30 30 30 30 65 65 65 50 50 50 -9999 -9999 -9999 0 0 0 0 0
0 15 15 15 0 0 0 0 10 10 10 30 30 30 30 30 30 70 35 35 35 65 65 65 60 60 70 45 45 45 30 30 30 30 30 25 25 30 25 30 30 30 30 60 60 60 20 20 35 35 25 30 30 20 20 0 0 0 0 35 35 35 55 55 40 25 25 30 30 30 40 40 40 65 50 -9999 -9999 -9999 -9999 0 0 0 0 0 0
0 15 15 15 0 0 0 0 10 10 30 30 30 30 30 30 30 70 70 20 35 50 50 50 40 65 40 30 60 60 15 25 25 35 25 30 30 20 30 30 60 60 40 40 60 30 30 35 35 35 35 20 30 20 20 30 30 0 0 35 35 35 55 55 55 25 0 0 0 30 30 40 40 40 50 -9999 -9999 -9999 -9999 0 0 0 0 0 0
40 40 40 0 0 0 0 10 10 10 30 30 30 30 30 70 70 70 70 70 20 20 20 40 50 65 65 25 30 30 60 65 65 25 25 10 10 10 10 45 30 30 50 50 35 35 20 20 35 30 20 20 55 25 45 25 25 25 70 30 30 20 55 55 55 55 55 0 45 45 45 40 40 40 40 -9999 -9999 -9999 -9999 0 0 0 0 0 0
40 40 40 0 0 20 0 10 50 50 50 45 30 30 70 70 70 70 70 35 20 20 20 20 40 40 35 25 25 25 25 15 65 65 65 10 10 10 50 50 30 30 10 10 35 35 25 20 30 35 35 25 25 30 30 25 25 45 25 75 15 25 40 20 30 55 10 10 45 45 45 35 35 40 40 -9999 -9999 -9999 -9999 -9999 0 0 0 0 0
40 0 0 0 0 20 20 20 45 45 50 45 45 45 35 70 70 70 70 35 30 30 20 20 25 25 35 35 40 40 25 15 15 65 20 65 65 10 45 10 10 30 10 10 10 10 25 30 30 0 0 40 25 25 10 10 10 10 75 75 10 25 45 45 40 30 30 30 10 35 35 35 35 35 -9999 -9999 -9999 -9999 -9999 -9999 0 0 0 0 0
40 0 20 20 20 20 20 45 45 45 45 45 45 35 35 15 15 15 15 30 30 30 15 15 0 25 25 25 40 40 40 15 15 50 20 15 15 10 10 45 45 15 15 15 20 20 30 30 30 0 0 40 40 15 10 15 10 10 75 75 75 35 10 10 35 35 35 35 35 35 35 35 35 35 -9999 -9999 -9999 -9999 -9999 -9999 0 0 0 0 0
30 20 20 20 20 20 20 45 45 45 45 45 85 35 20 20 20 20 15 15 15 15 15 15 0 0 0 0 40 25 25 25 10 10 10 10 10 10 10 65 15 15 15 15 15 20 15 30 20 25 25 25 40 20 20 15 15 15 15 75 75 75 75 75 35 15 15 30 35 35 35 50 35 35 -9999 -9999 -9999 -9999 -9999 -9999 0 0 0 0 0
