Datasets/american.asc
ncols         383
nrows         239
xllcorner     -73.976723696231
yllcorner     45.396293541168
cellsize      0.0013089085639051
NODATA_value  -9999
[rows 37 to 73 of 239, columns 255 to 339 of 383]
-9999 -9999 -9999 -9999 -9999 -9999 -9999 -9999 -9999 -9999 -9999 -9999 -9999 -9999 -9999 -9999 -9999 -9999 -9999 -9999 -9999 -9999 -9999 -9999 -9999 -9999 -9999 -9999 -9999 -9999 -9999 -9999 -9999 -9999 -9999 -9999 -9999 -9999 -9999 -9999 -9999 -9999 -9999 -9999 -9999 -9999 -9999 -9999 -9999 -9999 -9999 -9999 -9999 110 110 110 95 95 95 95 95 95 215 215 215 55 55 55 55 120 120 120 255 255 255 255 255 30 120 120 120 120 120 120 120
-9999 -9999 -9999 -9999 -9999 -9999 -9999 -9999 -9999 -9999 -9999 -9999 -9999 -9999 -9999 -9999 -9999 -9999 -9999 -9999 -9999 -9999 -9999 -9999 -9999 -9999 -9999 -9999 -9999 -9999 -9999 -9999 -9999 -9999 -9999 -9999 -9999 -9999 -9999 -9999 -9999 -9999 -9999 -9999 -9999 -9999 -9999 -9999 -9999 -9999 -9999 -9999 110 110 110 110 95 95 130 130 215 215 215 215 215 60 55 60 60 60 60 120 120 255 255 255 255 120 120 120 120 120 120 120 120
-9999 -9999 -9999 -9999 -9999 -9999 -9999 -9999 -9999 -9999 -9999 -9999 -9999 -9999 -9999 -9999 -9999 -9999 -9999 -9999 -9999 -9999 -9999 -9999 -9999 -9999 -9999 -9999 -9999 -9999 -9999 -9999 -9999 -9999 -9999 -9999 -9999 -9999 -9999 -9999 -9999 -9999 -9999 -9999 -9999 -9999 -9999 -9999 -9999 -9999 -9999 110 110 110 110 110 105 130 130 130 215 215 215 215 215 215 60 60 60 60 60 60 120 120 120 120 120 120 120 120 120 120 120 120 120
-9999 -9999 -9999 -9999 -9999 -9999 -9999 -9999 -9999 -9999 -9999 -9999 -9999 -9999 -9999 -9999 -9999 -9999 -9999 -9999 -9999 -9999 -9999 -9999 -9999 -9999 -9999 -9999 -9999 -9999 -9999 -9999 -9999 -9999 -9999 -9999 -9999 -9999 -9999 -9999 -9999 -9999 -9999 -9999 -9999 -9999 -9999 -9999 -9999 170 170 170 125 105 105 105 105 105 130 175 175 175 215 215 215 215 60 60 60 60 60 60 60 120 120 120 120 120 120 120 120 120 120 120 120
-9999 -9999 -9999 -9999 -9999 -9999 -9999 -9999 -9999 -9999 -9999 -9999 -9999 -9999 -9999 -9999 -9999 -9999 -9999 -9999 -9999 -9999 -9999 -9999 -9999 -9999 -9999 -9999 -9999 -9999 -9999 -9999 -9999 -9999 -9999 -9999 -9999 -9999 -9999 -9999 -9999 -9999 -9999 -9999 -9999 -9999 110 140 140 140 170 125 125 125 105 105 105 150 150 175 175 175 175 215 215 215 215 60 60 120 120 120 120 120 120 120 120 120 120 120 120 120 120 120 120
-9999 -9999 -9999 -9999 -9999 -9999 -9999 -9999 -9999 -9999 -9999 -9999 -9999 -9999 -9999 -9999 -9999 -9999 -9999 -9999 -9999 -9999 -9999 -9999 -9999 -9999 -9999 -9999 -9999 -9999 -9999 -9999 -9999 -9999 -9999 -9999 -9999 -9999 -9999 -9999 -9999 -9999 -9999 -9999 -9999 110 140 140 140 140 140 170 125 65 65 65 150 150 150 150 155 155 155 155 215 215 120 120 120 120 120 120 120 120 120 120 120 120 120 120 120 120 120 20 20
-9999 -9999 -9999 -9999 -9999 -9999 -9999 -9999 -9999 -9999 -9999 -9999 -9999 -9999 -9999 -9999 -9999 -9999 -9999 -9999 -9999 -9999 -9999 -9999 -9999 -9999 -9999 -9999 -9999 -9999 -9999 -9999 -9999 -9999 -9999 -9999 -9999 -9999 -9999 -9999 -9999 -9999 -9999 -9999 110 155 140 140 140 140 140 140 65 65 45 45 45 150 150 125 125 155 155 155 155 120 120 120 120 120 120 120 120 120 120 120 120 120 120 120 120 20 20 20 20
-9999 -9999 -9999 -9999 -9999 -9999 -9999 -9999 -9999 -9999 -9999 -9999 -9999 -9999 -9999 -9999 -9999 -9999 -9999 -9999 -9999 -9999 -9999 -9999 -9999 -9999 -9999 -9999 -9999 -9999 -9999 -9999 -9999 -9999 -9999 -9999 -9999 -9999 -9999 -9999 -9999 110 110 65 70 70 155 155 140 140 35 140 65 45 45 45 45 45 125 125 125 155 155 155 120 120 120 120 120 120 120 120 120 120 120 120 120 120 120 20 20 20 20 20 20
-9999 -9999 -9999 -9999 -9999 -9999 -9999 -9999 -9999 -9999 -9999 -9999 -9999 -9999 -9999 -9999 -9999 -9999 -9999 -9999 -9999 -9999 -9999 -9999 -9999 -9999 -9999 -9999 -9999 -9999 -9999 -9999 -9999 -9999 -9999 -9999 -9999 -9999 -9999 -9999 110 60 60 60 70 70 155 155 35 35 35 35 35 35 35 35 150 150 150 150 125 125 125 125 120 120 120 120 120 120 120 120 120 120 120 120 120 120 20 20 20 20 20 20 20
-9999 -9999 -9999 -9999 -9999 -9999 -9999 -9999 -9999 -9999 -9999 -9999 -9999 -9999 -9999 -9999 -9999 -9999 -9999 -9999 -9999 -9999 -9999 -9999 -9999 -9999 -9999 -9999 -9999 -9999 -9999 -9999 -9999 -9999 -9999 -9999 -9999 -9999 -9999 110 60 60 60 60 65 70 155 155 145 145 35 35 35 35 65 150 150 65 65 65 125 125 125 125 125 120 120 120 120 120 120 120 120 120 100 20 20 20 20 20 20 20 20 20 20
-9999 -9999 -9999 -9999 -9999 -9999 -9999 -9999 -9999 -9999 -9999 -9999 -9999 -9999 -9999 -9999 -9999 -9999 -9999 -9999 -9999 -9999 -9999 -9999 -9999 -9999 -9999 -9999 -9999 -9999 -9999 -9999 -9999 -9999 -9999 -9999 -9999 -9999 110 110 60 60 60 115 65 65 155 145 145 145 145 35 35 65 65 65 65 65 65 65 65 125 125 65 65 120 120 120 120 120 120 120 120 100 100 100 100 100 20 20 20 20 20 20 20
-9999 -9999 -9999 -9999 -9999 -9999 -9999 -9999 -9999 -9999 -9999 -9999 -9999 -9999 -9999 -9999 -9999 -9999 -9999 -9999 -9999 -9999 -9999 -9999 -9999 -9999 -9999 -9999 -9999 -9999 75 -9999 -9999 -9999 -9999 110 110 110 110 110 115 115 115 115 65 115 95 145 145 145 145 145 65 65 65 65 65 65 65 65 65 65 65 65 65 65 120 120 120 120 120 100 100 100 100 100 100 100 100 20 20 20 20 20 20
-9999 -9999 -9999 -9999 -9999 -9999 -9999 -9999 -9999 -9999 -9999 -9999 -9999 -9999 -9999 -9999 -9999 -9999 -9999 -9999 -9999 -9999 -9999 -9999 -9999 -9999 -9999 -9999 75 75 -9999 75 -9999 -9999 110 40 40 110 110 110 115 115 115 115 95 20 20 20 155 155 155 155 155 65 65 65 65 65 65 65 65 65 65 65 65 65 65 120 120 120 100 100 100 100 100 100 100 100 100 100 100 20 20 20 20
-9999 -9999 -9999 -9999 -9999 -9999 -9999 -9999 -9999 -9999 -9999 -9999 -9999 -9999 -9999 -9999 -9999 -9999 -9999 -9999 -9999 -9999 -9999 -9999 -9999 -9999 -9999 -9999 75 75 75 -9999 -9999 110 85 40 40 40 110 40 115 50 50 50 25 20 20 20 75 75 155 155 110 110 65 65 65 65 65 65 65 65 65 65 65 65 65 100 100 100 100 100 100 100 100 100 100 100 100 100 100 100 100 100 20
-9999 -9999 -9999 -9999 -9999 -9999 -9999 -9999 -9999 -9999 -9999 -9999 -9999 -9999 -9999 -9999 -9999 -9999 -9999 -9999 -9999 -9999 -9999 -9999 -9999 -9999 -9999 -9999 -9999 -9999 -9999 -9999 -9999 110 85 85 85 40 40 40 70 50 50 50 25 20 20 75 75 75 75 145 145 110 110 65 65 65 65 65 65 65 65 65 65 65 100 100 100 100 100 100 100 100 100 100 100 100 100 100 100 100 100 100 100
-9999 -9999 -9999 -9999 -9999 -9999 -9999 -9999 -9999 -9999 -9999 -9999 -9999 -9999 -9999 -9999 -9999 -9999 -9999 -9999 -9999 -9999 -9999 -9999 -9999 -9999 -9999 -9999 -9999 -9999 -9999 -9999 110 110 85 85 85 85 85 70 70 70 50 50 50 25 75 75 75 40 40 145 110 110 85 65 65 65 65 65 65 65 65 65 65 100 100 100 100 100 100 100 100 100 100 100 100 100 100 100 100 100 100 100 100
-9999 -9999 -9999 -9999 -9999 -9999 -9999 -9999 -9999 -9999 -9999 -9999 -9999 -9999 -9999 -9999 -9999 -9999 -9999 -9999 -9999 -9999 -9999 -9999 -9999 -9999 -9999 -9999 -9999 75 75 75 110 110 145 70 70 70 140 140 140 25 25 25 25 25 25 75 75 40 40 145 145 85 85 85 65 65 65 65 65 65 65 65 100 100 100 100 100 100 100 100 100 100 100 100 100 100 100 100 100 100 100 100 100
-9999 -9999 -9999 -9999 -9999 -9999 -9999 -9999 -9999 -9999 -9999 -9999 -9999 -9999 -9999 -9999 -9999 -9999 -9999 -9999 -9999 -9999 35 35 -9999 35 -9999 -9999 75 75 75 110 110 145 145 145 125 125 125 125 140 140 20 20 20 25 25 90 0 0 0 145 145 85 85 85 85 85 85 65 65 65 100 100 100 100 100 100 100 100 100 100 100 100 100 100 100 100 100 100 100 100 100 100 100
-9999 -9999 -9999 -9999 -9999 -9999 -9999 -9999 -9999 -9999 -9999 -9999 -9999 -9999 -9999 -9999 -9999 -9999 -9999 -9999 -9999 35 -9999 -9999 35 35 -9999 110 75 75 75 75 80 80 145 145 80 80 80 125 140 40 40 40 20 20 90 90 0 85 85 85 85 85 85 85 85 85 85 85 100 100 100 100 100 100 100 100 100 100 100 100 100 100 100 100 100 100 100 100 100 100 100 100 100
-9999 -9999 -9999 -9999 -9999 -9999 -9999 -9999 -9999 -9999 -9999 -9999 -9999 -9999 -9999 -9999 -9999 -9999 -9999 -9999 35 -9999 35 35 35 -9999 35 110 110 75 75 30 80 145 35 35 145 145 80 50 50 40 40 40 40 115 115 90 90 35 35 85 85 85 85 85 85 85 100 100 100 100 100 100 100 100 100 100 100 100 100 100 100 100 100 100 100 100 100 100 100 100 100 100 100
-9999 -9999 -9999 -9999 -9999 -9999 -9999 -9999 -9999 -9999 -9999 -9999 -9999 -9999 -9999 -9999 -9999 -9999 -9999 -9999 -9999 -9999 -9999 80 80 80 80 80 50 105 105 105 30 30 35 35 35 35 110 265 50 50 50 115 115 115 45 45 35 35 35 85 85 85 85 85 110 110 110 100 100 100 100 100 100 100 100 100 100 100 100 100 100 100 100 100 100 100 100 100 100 100 100 100 100
-9999 -9999 -9999 -9999 -9999 -9999 -9999 -9999 -9999 -9999 -9999 -9999 -9999 -9999 -9999 -9999 -9999 -9999 -9999 -9999 -9999 35 80 80 80 80 80 40 50 105 105 105 105 30 20 20 20 20 20 140 265 100 100 100 100 100 50 50 85 85 85 85 85 85 85 110 110 110 110 110 100 100 100 100 100 100 100 100 100 100 100 100 100 100 100 100 100 100 100 100 100 100 100 100 100
-9999 -9999 -9999 -9999 -9999 -9999 -9999 -9999 -9999 -9999 -9999 -9999 -9999 -9999 -9999 -9999 -9999 -9999 -9999 35 35 50 50 50 50 70 40 40 40 50 105 105 105 30 30 20 20 20 110 140 140 100 100 100 100 100 100 85 85 85 85 85 85 110 110 110 110 110 110 110 110 110 110 100 100 100 100 100 100 100 100 100 100 100 100 100 100 100 100 100 100 100 100 100 100
-9999 -9999 -9999 -9999 -9999 -9999 -9999 -9999 -9999 -9999 -9999 -9999 -9999 -9999 -9999 -9999 -9999 -9999 35 35 50 50 50 50 50 70 70 40 40 40 75 75 205 205 30 30 30 30 30 140 75 75 100 100 100 100 100 85 85 85 85 85 110 110 110 110 110 110 110 110 110 110 110 110 110 110 100 100 100 100 100 100 100 100 100 100 100 100 100 100 100 100 100 100 100
-9999 -9999 -9999 -9999 -9999 -9999 -9999 -9999 -9999 -9999 -9999 -9999 -9999 -9999 -9999 -9999 15 130 130 50 50 50 20 20 20 20 70 70 40 40 75 75 75 205 205 30 30 30 30 40 75 75 80 100 100 100 100 85 85 85 110 110 110 110 110 110 110 110 110 110 110 110 110 110 110 110 110 110 100 100 100 100 100 100 100 100 100 100 100 100 100 100 100 100 100
-9999 -9999 -9999 -9999 -9999 -9999 -9999 -9999 -9999 -9999 -9999 -9999 -9999 -9999 -9999 15 130 130 130 130 50 20 20 20 20 20 20 20 120 40 40 40 135 75 75 75 35 35 35 40 40 80 80 80 80 100 100 100 85 110 110 110 110 110 110 110 110 110 110 110 110 110 110 110 110 110 110 110 110 100 100 100 100 100 100 100 100 100 100 100 100 100 100 100 100
-9999 -9999 -9999 -9999 -9999 -9999 -9999 -9999 -9999 -9999 -9999 -9999 -9999 -9999 15 130 130 130 130 130 205 20 20 20 20 20 20 20 120 120 135 135 135 135 80 80 80 35 35 35 35 80 80 80 80 80 80 110 110 110 110 110 110 110 110 110 110 110 110 110 110 110 110 110 110 110 110 110 110 110 110 110 100 100 100 100 100 100 100 100 100 100 100 100 100
-9999 -9999 -9999 -9999 -9999 -9999 -9999 -9999 -9999 -9999 -9999 -9999 -9999 15 140 205 130 130 130 205 205 205 20 20 20 20 20 20 20 120 120 120 135 80 80 80 80 80 80 80 35 80 80 80 80 80 110 110 110 110 110 110 110 110 110 110 110 110 110 110 110 110 110 110 110 110 110 110 110 110 110 110 110 100 100 100 100 100 100 100 100 100 100 100 100
-9999 -9999 -9999 -9999 -9999 -9999 -9999 -9999 -9999 -9999 60 60 45 45 140 140 205 205 205 205 205 205 20 20 20 20 20 20 20 20 120 80 80 80 80 80 80 80 80 80 80 80 80 80 110 110 110 110 110 110 110 110 110 110 110 110 110 110 110 110 110 110 110 110 110 110 110 110 110 110 50 50 50 50 50 50 50 100 100 100 100 100 100 100 100
-9999 -9999 -9999 -9999 -9999 -9999 -9999 -9999 -9999 15 60 60 60 45 195 215 65 105 105 205 205 85 85 85 20 20 20 20 20 20 20 20 20 80 80 80 80 80 80 80 80 80 80 110 110 110 110 110 110 110 110 110 110 110 110 110 110 110 110 110 110 110 110 110 110 110 110 110 110 110 50 50 50 50 50 50 50 50 50 100 100 100 100 100 100
-9999 -9999 -9999 -9999 -9999 -9999 -9999 -9999 15 55 55 60 60 85 215 90 130 65 65 105 85 85 85 85 85 85 20 20 20 20 20 20 20 20 20 80 80 80 80 80 80 110 110 110 110 110 110 110 110 110 110 110 110 110 110 110 110 110 110 110 110 110 110 110 110 110 110 110 110 50 50 50 50 50 50 50 50 50 50 50 50 100 100 100 100
-9999 -9999 -9999 -9999 -9999 -9999 -9999 -9999 55 55 55 60 60 85 95 85 90 200 195 195 150 85 85 85 145 145 145 20 20 20 20 20 20 20 20 80 80 80 80 80 110 110 110 110 110 110 110 110 110 110 110 110 110 110 110 110 110 110 110 110 110 110 110 110 110 110 110 110 110 50 50 50 50 50 50 50 50 50 50 50 50 50 100 100 100
-9999 -9999 -9999 -9999 -9999 -9999 -9999 55 55 55 55 85 85 115 115 85 200 195 105 105 120 150 85 145 145 145 145 20 20 20 20 20 20 20 20 20 80 80 110 110 110 110 110 110 110 110 110 110 110 110 110 110 110 110 110 110 110 110 110 110 110 110 110 110 110 110 110 50 80 80 50 50 50 50 50 50 50 50 50 50 50 100 100 100 100
-9999 -9999 -9999 -9999 -9999 40 40 55 55 55 90 90 90 90 135 135 135 70 105 105 120 85 145 145 145 145 145 145 20 20 20 20 20 20 20 20 20 110 110 110 110 110 110 110 110 110 110 110 110 110 110 110 110 110 110 110 110 110 110 110 110 110 110 110 110 110 110 65 80 80 65 65 65 65 50 50 50 50 50 50 50 100 100 100 100
-9999 -9999 -9999 -9999 -9999 40 40 40 55 55 90 90 90 75 135 135 135 135 130 130 130 120 180 145 115 115 115 115 115 20 20 20 20 20 20 20 55 55 110 110 110 110 110 110 110 110 110 110 110 110 110 110 110 110 110 110 110 110 110 110 110 110 110 110 110 60 60 60 60 65 65 65 65 65 50 50 50 50 50 50 50 340 340 100 100
-9999 -9999 -9999 -9999 -9999 40 40 85 55 95 55 75 75 75 75 135 135 95 130 130 120 120 115 135 115 115 115 115 115 115 20 20 20 20 55 55 55 55 55 55 55 55 110 110 110 110 110 110 110 110 110 110 110 110 110 110 110 110 110 110 110 110 110 110 110 65 65 60 75 105 105 65 50 50 50 340 340 340 340 340 50 340 340 340 340
-9999 -9999 -9999 -9999 40 40 40 85 85 95 95 95 75 75 75 75 90 95 95 95 120 115 135 130 160 115 115 115 115 115 115 55 55 55 55 55 55 55 55 55 55 55 55 55 110 110 110 110 110 110 110 110 110 110 110 110 110 110 110 110 110 110 110 110 90 65 65 65 125 75 105 180 105 105 340 340 340 340 340 340 340 340 340 340 340
