Datasets/american.asc
ncols         383
nrows         239
xllcorner     -73.976723696231
yllcorner     45.396293541168
cellsize      0.0013089085639051
NODATA_value  -9999
[rows 185 to 221 of 239, columns 255 to 339 of 383]
120 120 125 30 30 30 50 50 50 75 75 30 30 30 45 45 25 25 25 30 80 80 80 30 45 45 0 0 0 0 0 0 0 0 0 0 45 -9999 60 60 60 60 60 60 60 60 60 60 20 20 20 20 60 60 20 15 15 10 15 15 35 35 35 35 -9999 -9999 50 50 50 50 50 45 45 45 165 165 165 165 165 165 20 20 -9999 -9999 -9999
120 120 30 35 30 30 30 50 50 75 75 75 75 45 45 45 45 10 45 30 30 45 45 45 45 0 0 0 0 0 0 0 0 0 0 0 30 60 60 60 60 60 60 60 60 60 60 -9999 30 30 30 50 35 35 20 20 15 10 15 40 40 35 35 35 -9999 -9999 50 30 30 30 35 35 45 45 45 165 165 165 165 50 50 50 -9999 -9999 -9999
30 30 30 30 30 30 30 75 75 75 75 85 85 10 10 10 45 45 45 45 45 45 45 45 0 0 0 0 0 0 0 0 0 0 -9999 -9999 30 30 30 15 15 15 15 15 60 60 60 -9999 30 30 30 50 35 35 20 20 20 40 45 45 40 35 35 35 -9999 -9999 50 35 35 35 35 35 45 45 45 165 165 165 50 50 50 -9999 -9999 -9999 -9999
30 30 30 50 50 50 50 50 50 30 35 100 100 45 45 45 45 45 45 45 45 0 0 0 0 0 0 0 0 0 0 0 -9999 35 30 30 30 30 30 50 10 10 10 15 15 30 30 -9999 55 55 55 55 35 35 60 60 60 60 60 60 60 30 30 30 -9999 -9999 50 35 35 45 45 45 15 15 265 265 265 0 50 -9999 -9999 -9999 -9999 -9999 -9999
30 30 30 25 25 25 30 30 30 30 30 100 45 45 45 45 45 45 0 0 0 0 0 0 0 0 0 0 -9999 -9999 35 35 35 35 25 20 20 0 0 50 10 10 20 20 30 30 30 -9999 55 55 55 85 85 65 25 25 25 25 30 30 30 30 30 30 -9999 -9999 50 50 0 15 15 15 15 15 265 265 265 160 50 -9999 -9999 -9999 -9999 -9999 -9999
35 35 35 25 25 20 20 25 30 30 45 45 45 45 45 0 0 0 0 0 0 0 0 0 0 0 -9999 35 35 35 35 35 35 35 0 10 10 10 10 40 30 10 20 20 20 30 30 55 55 55 55 85 85 85 35 35 35 35 15 15 15 30 30 30 -9999 -9999 50 0 0 100 100 100 100 100 100 25 25 25 160 -9999 -9999 -9999 -9999 -9999 -9999
35 35 35 35 20 20 20 20 45 45 45 45 45 45 0 0 0 0 0 0 0 0 0 0 -9999 35 35 35 35 35 35 40 40 55 0 20 20 20 20 20 30 10 10 10 10 15 15 -9999 35 35 35 0 0 0 30 45 45 45 0 0 10 30 30 30 -9999 50 50 0 100 100 100 100 100 100 65 65 160 160 160 -9999 -9999 -9999 -9999 -9999 -9999
35 35 35 20 20 45 45 45 45 45 45 45 45 0 0 0 0 0 0 0 0 -9999 35 35 35 35 35 35 35 35 35 35 40 55 0 0 0 20 20 20 20 10 10 10 20 20 15 -9999 35 35 35 40 40 15 10 10 10 10 25 25 15 15 -9999 -9999 -9999 355 355 355 355 355 355 225 225 225 65 65 160 160 -9999 -9999 -9999 -9999 -9999 -9999 -9999
25 55 55 20 45 45 45 45 45 45 45 45 0 0 0 0 0 0 -9999 55 55 55 55 55 55 35 35 35 35 35 35 35 40 30 20 35 35 15 15 15 15 20 20 20 20 20 20 35 35 35 35 0 0 0 20 20 20 20 15 15 15 -9999 -9999 -9999 355 355 355 355 355 355 355 355 225 225 225 160 -9999 -9999 -9999 -9999 -9999 -9999 -9999 -9999 -9999
25 55 55 30 85 85 45 45 45 45 45 0 0 0 0 0 0 55 55 55 55 55 55 55 55 55 55 35 35 10 10 10 25 30 20 35 35 15 15 0 0 15 15 15 15 15 20 35 35 35 35 25 25 25 0 10 10 10 15 15 15 -9999 -9999 355 355 355 355 355 355 355 355 355 355 225 160 160 -9999 -9999 -9999 -9999 -9999 -9999 -9999 -9999 -9999
25 25 25 25 25 30 30 45 45 45 0 0 0 0 0 55 55 55 55 55 55 55 55 55 55 55 55 55 35 0 0 10 25 15 15 15 15 15 35 35 35 0 0 0 0 -9999 20 0 0 0 10 25 25 25 35 35 35 35 10 10 -9999 -9999 -9999 355 355 355 355 355 355 355 355 355 355 355 160 -9999 -9999 -9999 -9999 -9999 -9999 -9999 -9999 -9999 -9999
30 30 30 30 30 30 30 45 0 0 0 0 0 0 55 55 55 55 55 55 55 55 55 55 55 55 55 55 0 35 35 35 30 10 15 30 15 15 15 40 40 0 0 -9999 -9999 20 0 0 0 0 0 35 35 35 30 30 30 30 10 -9999 -9999 -9999 355 355 355 355 355 355 355 355 355 355 355 355 355 -9999 -9999 -9999 -9999 -9999 -9999 -9999 -9999 -9999 -9999
30 30 30 30 30 30 30 0 0 0 0 0 0 55 55 55 55 55 55 55 55 55 55 55 55 55 55 55 0 35 35 35 30 10 15 30 35 35 45 40 40 40 -9999 25 25 20 0 0 0 0 0 20 20 20 10 10 10 10 20 -9999 -9999 -9999 355 355 355 355 355 355 355 355 355 355 355 355 -9999 -9999 -9999 -9999 -9999 -9999 -9999 -9999 -9999 -9999 -9999
30 30 30 30 30 30 50 50 50 0 0 -9999 55 55 55 55 55 55 55 55 55 55 55 55 55 55 55 120 120 35 35 35 20 30 15 15 35 35 35 40 40 40 20 25 25 25 25 25 25 25 15 15 15 0 10 10 20 20 -9999 -9999 -9999 -9999 355 355 355 355 355 355 355 355 355 355 355 -9999 -9999 -9999 -9999 -9999 -9999 -9999 -9999 -9999 -9999 -9999 -9999
30 30 30 30 50 50 50 50 50 50 50 55 55 55 55 55 55 55 55 55 55 55 55 55 55 55 120 120 25 25 25 25 20 30 30 10 25 25 25 45 45 10 10 10 10 10 10 10 10 25 20 20 20 20 20 20 20 -9999 -9999 -9999 -9999 -9999 355 355 355 355 355 355 355 -9999 -9999 -9999 -9999 -9999 -9999 -9999 -9999 -9999 -9999 -9999 -9999 -9999 -9999 -9999 -9999
50 50 50 50 50 50 50 50 -9999 55 55 55 55 55 55 55 55 55 55 55 55 55 55 55 55 35 35 35 0 0 0 0 0 20 10 10 25 25 25 25 50 50 50 50 50 25 25 20 10 10 0 0 0 0 0 0 -9999 -9999 -9999 -9999 -9999 -9999 355 355 355 355 355 355 -9999 -9999 -9999 -9999 -9999 -9999 -9999 -9999 -9999 -9999 -9999 -9999 -9999 -9999 -9999 -9999 -9999
50 50 50 50 50 50 50 -9999 55 55 55 55 55 55 55 55 55 55 55 55 55 55 55 30 30 35 35 0 0 0 0 0 0 0 0 0 0 0 0 -9999 0 0 0 50 50 15 25 15 15 15 15 15 0 0 -9999 -9999 -9999 -9999 -9999 -9999 -9999 -9999 -9999 -9999 -9999 -9999 -9999 -9999 -9999 -9999 -9999 -9999 -9999 -9999 -9999 -9999 -9999 -9999 -9999 -9999 -9999 -9999 -9999 -9999 -9999
50 50 -9999 15 15 15 15 15 55 55 55 55 55 55 55 55 55 55 55 55 55 55 30 30 30 30 0 0 0 0 0 0 0 0 0 0 0 -9999 -9999 0 0 0 0 0 0 0 0 0 0 15 15 15 15 0 -9999 -9999 -9999 -9999 -9999 -9999 -9999 -9999 -9999 -9999 -9999 -9999 -9999 -9999 -9999 -9999 -9999 -9999 -9999 -9999 -9999 -9999 -9999 -9999 -9999 -9999 -9999 -9999 -9999 -9999 -9999
50 15 15 15 15 15 15 15 15 15 55 55 55 55 55 55 55 55 55 55 15 15 35 35 35 0 0 0 0 0 0 0 0 0 0 0 0 0 0 0 0 0 0 0 0 0 0 0 0 0 0 0 0 -9999 -9999 -9999 -9999 -9999 -9999 -9999 -9999 -9999 -9999 -9999 -9999 -9999 -9999 -9999 -9999 -9999 -9999 -9999 -9999 -9999 -9999 -9999 -9999 -9999 -9999 -9999 -9999 -9999 -9999 -9999 -9999
15 15 15 15 15 15 15 15 15 35 35 35 55 55 55 55 55 55 55 15 15 15 35 35 35 0 0 0 0 0 0 0 0 0 0 0 0 0 0 0 0 0 0 0 0 0 0 0 0 0 0 -9999 -9999 -9999 -9999 -9999 -9999 -9999 -9999 -9999 -9999 -9999 -9999 -9999 -9999 -9999 -9999 -9999 -9999 -9999 -9999 -9999 -9999 -9999 -9999 -9999 -9999 -9999 -9999 -9999 -9999 -9999 -9999 -9999 -9999
15 15 15 15 15 15 15 15 25 25 35 35 75 55 55 55 55 35 35 35 35 15 15 0 0 0 0 0 0 0 0 0 0 0 0 -9999 15 15 15 15 25 25 0 0 0 0 0 0 0 -9999 -9999 -9999 -9999 -9999 -9999 -9999 -9999 -9999 -9999 -9999 -9999 -9999 -9999 -9999 -9999 -9999 -9999 -9999 -9999 -9999 -9999 -9999 -9999 -9999 -9999 -9999 -9999 -9999 -9999 -9999 -9999 -9999 -9999 -9999 -9999
15 15 15 15 15 15 15 15 25 25 75 75 75 40 40 40 35 35 35 35 15 15 15 15 15 15 0 0 0 0 0 0 0 0 -9999 15 15 15 15 15 15 25 25 10 10 10 10 0 0 -9999 -9999 -9999 -9999 -9999 -9999 -9999 -9999 -9999 -9999 -9999 -9999 -9999 -9999 -9999 -9999 -9999 -9999 -9999 -9999 -9999 -9999 -9999 -9999 -9999 -9999 -9999 -9999 -9999 -9999 -9999 -9999 -9999 -9999 -9999 -9999
30 15 15 15 15 15 15 65 60 45 45 45 45 40 35 35 25 25 25 35 15 15 15 15 15 15 15 15 15 10 0 0 0 0 15 15 15 15 15 15 15 25 25 0 10 10 0 0 -9999 -9999 -9999 -9999 -9999 -9999 -9999 -9999 -9999 -9999 -9999 -9999 -9999 -9999 -9999 -9999 -9999 -9999 -9999 -9999 -9999 -9999 -9999 -9999 -9999 -9999 -9999 -9999 -9999 -9999 -9999 -9999 -9999 -9999 -9999 -9999 -9999
30 15 15 15 15 15 15 65 25 65 105 105 105 75 75 35 25 35 35 25 25 60 60 25 25 25 15 15 15 15 15 15 15 -9999 25 25 25 15 15 15 25 25 0 0 0 0 0 -9999 -9999 -9999 -9999 -9999 -9999 -9999 -9999 -9999 -9999 -9999 -9999 -9999 -9999 -9999 -9999 -9999 -9999 -9999 -9999 -9999 -9999 -9999 -9999 -9999 -9999 -9999 -9999 -9999 -9999 -9999 -9999 -9999 -9999 -9999 -9999 -9999 -9999
30 35 15 15 15 15 15 90 25 25 105 105 105 75 75 45 35 35 35 30 35 60 60 25 25 25 20 20 40 20 15 35 35 35 35 55 55 55 10 10 35 35 35 10 -9999 -9999 -9999 -9999 -9999 -9999 -9999 -9999 -9999 -9999 -9999 -9999 -9999 -9999 -9999 -9999 -9999 -9999 -9999 -9999 -9999 -9999 -9999 -9999 -9999 -9999 -9999 -9999 -9999 -9999 -9999 -9999 -9999 -9999 -9999 -9999 -9999 -9999 -9999 -9999 -9999
70 30 35 15 15 15 10 10 10 90 105 75 75 65 45 45 45 30 30 30 40 40 60 60 75 75 20 20 20 20 35 35 35 40 40 55 55 30 10 10 10 10 10 -9999 -9999 -9999 -9999 -9999 -9999 -9999 -9999 -9999 -9999 -9999 -9999 -9999 -9999 -9999 -9999 -9999 -9999 -9999 -9999 -9999 -9999 -9999 -9999 -9999 -9999 -9999 -9999 -9999 -9999 -9999 -9999 -9999 -9999 -9999 -9999 -9999 -9999 -9999 -9999 -9999 -9999
25 100 35 100 35 35 15 15 15 15 75 65 65 65 65 45 45 30 30 30 40 60 75 75 75 75 75 75 20 10 40 40 40 40 40 0 0 30 30 30 30 10 -9999 -9999 -9999 -9999 -9999 -9999 -9999 -9999 -9999 -9999 -9999 -9999 -9999 -9999 -9999 -9999 -9999 -9999 -9999 -9999 -9999 -9999 -9999 -9999 -9999 -9999 -9999 -9999 -9999 -9999 -9999 -9999 -9999 -9999 -9999 -9999 -9999 -9999 -9999 -9999 -9999 -9999 -9999
25 100 100 100 35 35 35 55 55 30 40 105 105 105 60 60 60 15 50 50 125 50 125 75 75 75 75 20 10 10 10 10 10 10 10 40 0 10 10 10 10 -9999 -9999 -9999 -9999 -9999 -9999 -9999 -9999 -9999 -9999 -9999 -9999 -9999 -9999 -9999 -9999 -9999 -9999 -9999 -9999 -9999 -9999 -9999 -9999 -9999 -9999 -9999 -9999 -9999 -9999 -9999 -9999 -9999 -9999 -9999 -9999 -9999 -9999 -9999 -9999 -9999 -9999 -9999 -9999
100 100 100 35 55 55 55 35 55 30 40 105 105 105 105 60 60 15 50 50 50 125 125 125 -9999 30 30 30 30 20 20 15 15 15 40 40 40 40 40 40 -9999 -9999 -9999 -9999 -9999 -9999 -9999 -9999 -9999 -9999 -9999 -9999 -9999 -9999 -9999 -9999 -9999 -9999 -9999 -9999 -9999 -9999 -9999 -9999 -9999 -9999 -9999 -9999 -9999 -9999 -9999 -9999 -9999 -9999 -9999 -9999 -9999 -9999 -9999 -9999 -9999 -9999 -9999 -9999 -9999
50 50 45 45 60 60 0 115 35 30 30 35 35 105 60 60 50 50 50 50 50 50 50 -9999 30 30 30 30 20 20 20 20 20 20 70 40 40 40 -9999 -9999 -9999 -9999 -9999 -9999 -9999 -9999 -9999 -9999 -9999 -9999 -9999 -9999 -9999 -9999 -9999 -9999 -9999 -9999 -9999 -9999 -9999 -9999 -9999 -9999 -9999 -9999 -9999 -9999 -9999 -9999 -9999 -9999 -9999 -9999 -9999 -9999 -9999 -9999 -9999 -9999 -9999 -9999 -9999 -9999 -9999
45 45 45 60 55 55 0 115 35 55 55 35 35 35 60 45 45 50 50 50 50 50 -9999 30 30 30 30 30 60 60 60 60 20 20 35 35 10 -9999 40 40 40 -9999 -9999 -9999 -9999 -9999 -9999 -9999 -9999 40 40 40 40 40 40 -9999 -9999 -9999 -9999 -9999 -9999 -9999 -9999 -9999 -9999 -9999 -9999 -9999 -9999 -9999 -9999 -9999 -9999 -9999 -9999 -9999 -9999 -9999 -9999 -9999 -9999 -9999 -9999 -9999 -9999
125 125 180 180 180 180 180 180 180 180 180 55 55 45 45 45 50 50 50 50 50 -9999 55 55 30 30 30 30 30 15 15 60 10 10 10 35 -9999 -9999 40 -9999 -9999 -9999 -9999 -9999 -9999 -9999 -9999 40 40 40 -9999 40 40 40 40 40 -9999 -9999 -9999 -9999 -9999 -9999 -9999 -9999 -9999 -9999 -9999 -9999 -9999 -9999 -9999 -9999 -9999 -9999 -9999 -9999 -9999 -9999 -9999 -9999 -9999 -9999 -9999 -9999 -9999
125 125 180 180 180 180 180 180 30 40 40 30 30 30 30 30 50 50 -9999 -9999 35 40 40 40 55 40 40 60 60 60 10 10 10 10 35 -9999 -9999 10 -9999 -9999 -9999 -9999 -9999 -9999 -9999 -9999 -9999 -9999 -9999 40 40 40 40 40 40 40 -9999 -9999 -9999 -9999 -9999 -9999 -9999 -9999 -9999 -9999 -9999 -9999 -9999 -9999 -9999 -9999 -9999 -9999 -9999 -9999 -9999 -9999 -9999 -9999 -9999 -9999 -9999 -9999 -9999
125 180 180 180 180 180 180 180 30 40 30 30 30 30 30 30 -9999 35 35 35 35 35 40 40 55 55 55 0 20 20 20 10 10 10 -9999 -9999 -9999 -9999 -9999 -9999 -9999 -9999 -9999 40 40 40 40 40 40 40 40 40 40 40 40 -9999 -9999 -9999 -9999 -9999 -9999 -9999 -9999 -9999 -9999 -9999 -9999 -9999 -9999 -9999 -9999 -9999 -9999 -9999 -9999 -9999 -9999 -9999 -9999 -9999 -9999 -9999 -9999 -9999 -9999
125 35 35 35 180 180 180 50 50 30 30 30 30 30 -9999 80 80 35 35 35 35 40 40 40 40 0 0 0 35 35 15 15 -9999 -9999 -9999 -9999 -9999 -9999 -9999 -9999 -9999 -9999 -9999 -9999 40 40 40 40 40 40 40 -9999 -9999 -9999 -9999 -9999 -9999 -9999 -9999 -9999 -9999 -9999 -9999 -9999 -9999 -9999 -9999 -9999 -9999 -9999 -9999 -9999 -9999 -9999 -9999 -9999 -9999 -9999 -9999 -9999 -9999 -9999 -9999 -9999 -9999
70 70 70 25 35 40 40 40 50 50 30 -9999 80 80 80 80 80 35 35 40 40 40 40 40 40 35 35 35 15 15 15 -9999 -9999 -9999 -9999 -9999 -9999 -9999 -9999 -9999 -9999 40 40 -9999 -9999 -9999 -9999 -9999 -9999 -9999 -9999 -9999 -9999 -9999 -9999 -9999 -9999 -9999 -9999 -9999 -9999 -9999 -9999 -9999 -9999 -9999 -9999 -9999 -9999 -9999 -9999 -9999 -9999 -9999 -9999 -9999 -9999 -9999 -9999 -9999 -9999 -9999 -9999 -9999 -9999
70 70 70 70 70 40 40 40 50 50 80 80 25 25 30 0 0 35 40 40 40 40 40 40 20 20 15 15 15 15 10 -9999 -9999 -9999 -9999 -9999 -9999 -9999 -9999 -9999 -9999 -9999 -9999 -9999 -9999 -9999 -9999 -9999 -9999 -9999 -9999 -9999 -9999 -9999 -9999 -9999 -9999 -9999 -9999 -9999 -9999 -9999 -9999 -9999 -9999 -9999 -9999 -9999 -9999 -9999 -9999 -9999 -9999 -9999 -9999 -9999 -9999 -9999 -9999 -9999 -9999 -9999 -9999 -9999 -9999
