Datasets/american.asc
ncols         383
nrows         239
xllcorner     -73.976723696231
yllcorner     45.396293541168
cellsize      0.0013089085639051
NODATA_value  -9999
[rows 74 to 110 of 239, columns 255 to 339 of 383]
-9999 -9999 -9999 145 145 60 60 85 85 30 95 30 30 30 85 85 90 95 95 95 85 70 130 130 130 145 145 115 115 160 160 55 55 55 55 55 55 55 55 55 55 55 55 55 55 110 110 110 110 110 110 110 110 110 110 110 110 110 110 110 110 110 110 90 90 110 110 110 75 120 125 125 125 125 180 25 25 0 0 340 340 340 340 340 340
-9999 -9999 -9999 145 145 145 145 60 65 30 30 30 135 135 135 125 85 80 80 95 95 95 160 130 160 160 160 115 60 160 60 55 55 55 55 55 55 55 55 55 55 55 55 55 55 110 110 110 110 110 110 110 110 110 110 110 110 110 110 110 110 110 15 15 45 110 110 110 75 75 100 125 75 75 75 180 25 20 0 0 0 60 60 140 140
-9999 -9999 145 145 145 55 55 55 55 65 30 55 135 135 55 70 125 125 80 80 80 80 160 160 160 160 160 60 60 60 60 60 60 60 60 55 55 55 55 55 55 55 55 55 55 110 110 110 110 110 110 110 110 110 110 110 110 110 110 110 110 110 15 15 45 45 45 45 45 75 100 100 75 75 75 75 180 80 80 80 80 80 60 80 80
-9999 -9999 145 0 0 55 55 55 130 130 65 65 55 55 55 70 70 125 125 160 160 160 160 160 160 60 60 60 60 60 60 60 60 60 60 60 60 55 55 55 55 55 55 55 60 60 0 0 0 30 110 110 110 110 110 110 110 110 110 110 110 15 15 15 45 45 110 110 110 50 50 100 100 100 100 65 65 180 60 80 80 80 80 80 80
-9999 -9999 35 0 0 145 130 130 130 130 65 65 65 65 65 175 175 115 160 160 160 160 160 160 60 60 60 60 60 60 60 60 60 60 60 60 60 75 75 55 55 55 55 75 60 60 60 60 175 175 30 110 110 110 110 55 110 110 110 15 15 30 30 30 45 45 110 110 110 50 50 50 50 50 50 70 70 65 60 50 50 80 80 70 70
-9999 35 35 95 95 100 100 100 105 105 105 105 65 65 65 115 115 115 160 160 160 160 160 160 60 60 60 60 60 60 60 60 60 60 60 75 75 75 75 75 75 55 75 75 75 75 60 60 175 175 110 110 110 55 55 55 55 110 110 15 15 15 30 45 130 130 130 130 130 85 90 90 0 70 70 70 20 65 70 50 50 50 50 45 45
-9999 35 35 95 95 100 100 100 100 105 110 115 115 225 225 225 145 145 125 125 125 140 160 60 60 60 60 60 60 60 60 60 60 75 75 75 75 75 75 75 75 75 75 75 75 75 20 20 20 20 60 60 120 120 120 55 55 55 105 105 105 15 15 45 130 65 65 65 130 25 25 0 0 20 20 20 20 65 20 70 70 70 45 45 45
35 35 95 95 185 185 100 100 65 65 110 115 115 125 125 225 225 125 125 125 125 125 60 60 60 60 60 60 60 60 60 85 85 85 85 75 75 75 75 75 75 75 75 75 160 75 20 20 20 20 60 60 120 120 120 55 55 105 105 105 105 105 105 15 65 65 65 65 25 25 25 0 0 20 20 20 20 20 65 15 15 15 35 35 45
35 35 100 95 185 90 90 90 70 70 110 125 125 125 125 225 165 125 125 125 125 125 60 60 60 50 60 60 60 160 95 60 60 30 30 45 75 75 60 60 60 60 160 160 160 160 160 160 160 20 100 115 115 115 120 55 55 105 105 105 105 105 105 105 15 65 65 65 25 25 20 20 20 20 20 65 65 20 65 15 15 15 35 15 35
75 100 100 95 90 90 125 125 70 70 100 100 125 165 165 165 165 125 125 125 60 60 60 60 50 50 50 50 160 95 15 15 60 50 50 45 45 60 60 60 60 60 160 160 160 160 160 160 160 160 160 55 55 115 115 105 105 105 105 105 105 105 105 105 105 105 105 105 25 25 20 20 20 20 20 65 65 65 65 15 15 15 15 15 0
75 75 145 195 195 90 90 90 170 170 100 100 100 100 100 125 125 125 125 125 60 60 60 60 50 50 50 160 160 95 95 15 30 50 50 50 130 45 60 60 160 160 160 160 160 160 160 160 160 160 160 160 115 115 115 105 105 105 105 105 105 105 105 105 35 35 105 105 105 105 20 20 15 15 15 15 65 65 15 15 15 15 15 15 0
75 75 180 195 195 195 195 170 170 170 120 100 100 235 235 235 125 125 60 60 60 60 60 60 60 60 50 55 55 160 160 95 30 130 130 130 130 60 60 110 70 70 160 160 160 160 160 160 160 160 160 160 160 55 55 105 105 105 105 105 105 105 105 105 35 35 105 45 45 105 105 40 15 15 15 15 65 65 0 0 0 0 15 55 0
180 180 180 145 195 195 195 95 95 120 120 125 50 235 235 235 235 125 60 60 60 60 35 60 60 60 30 50 50 15 15 15 15 15 15 15 50 65 110 70 70 70 115 115 160 160 160 160 160 160 160 160 55 55 55 55 10 50 105 105 65 65 65 65 35 35 35 130 130 105 105 65 65 40 65 65 65 0 0 0 0 0 0 55 55
140 140 145 145 145 195 95 95 95 95 125 125 50 235 235 235 235 60 60 60 60 60 35 35 35 60 30 30 30 30 15 15 15 15 15 15 50 65 30 30 30 30 30 160 160 125 125 125 125 160 55 55 55 55 55 55 55 10 50 35 35 35 65 65 65 65 45 130 130 130 130 65 40 30 25 25 0 0 0 0 0 55 55 55 55
140 140 140 185 185 185 95 95 95 115 115 125 110 235 235 235 235 60 60 60 60 60 60 35 35 10 10 10 10 30 30 15 15 15 50 50 0 50 30 30 30 30 30 40 40 125 125 125 125 35 55 55 55 55 55 55 55 10 10 10 10 65 65 65 40 45 25 25 25 20 30 30 40 30 25 25 25 25 25 0 0 55 55 55 55
125 125 160 160 185 135 135 65 65 65 110 110 110 110 110 110 25 25 60 60 105 60 60 60 10 10 10 10 10 10 10 30 0 50 50 50 0 0 30 30 30 30 30 30 125 125 125 125 125 35 35 35 55 55 55 55 55 10 40 40 10 40 40 65 40 45 45 45 45 25 25 25 30 25 25 25 25 25 25 25 30 30 30 30 30
125 160 160 160 160 135 135 65 65 65 65 110 110 110 25 25 25 25 25 105 105 105 105 50 70 80 70 90 90 90 10 10 10 0 0 0 0 0 15 30 30 30 30 30 125 125 125 35 35 35 55 30 30 65 55 55 55 55 40 40 40 40 40 40 45 45 45 45 45 45 60 25 25 25 25 25 25 25 25 25 30 30 30 30 55
125 160 160 160 200 165 165 165 165 65 110 110 110 25 25 25 25 25 25 25 25 105 105 50 60 80 90 90 10 10 10 35 35 10 0 0 0 15 15 15 15 15 15 55 55 125 35 35 35 35 55 30 40 65 65 65 55 55 105 40 40 40 40 40 45 45 45 45 60 60 60 60 60 60 60 60 60 25 25 30 30 30 30 55 55
155 125 125 45 200 200 165 165 125 125 125 110 110 25 25 25 25 25 25 25 25 110 110 60 80 90 90 90 40 40 35 35 35 30 0 0 45 45 15 15 15 15 15 55 55 65 35 55 55 55 45 45 40 35 35 35 35 55 90 50 105 40 105 45 45 45 45 45 60 60 60 60 60 60 60 60 60 60 60 30 30 30 30 55 55
125 125 125 45 140 140 145 65 165 125 125 110 25 25 25 25 25 25 25 25 25 190 190 190 190 90 90 90 40 40 40 30 30 30 120 45 45 45 45 45 15 15 15 55 55 65 65 95 100 100 45 45 45 35 35 35 35 50 50 50 40 40 40 25 25 85 40 25 25 25 60 60 60 60 60 60 60 60 15 15 30 30 30 55 55
95 65 65 110 140 140 65 65 65 65 165 25 250 250 25 75 75 0 0 80 75 85 85 85 45 45 90 90 65 65 65 65 120 120 120 120 120 45 45 45 45 55 55 55 65 65 65 95 100 100 25 95 35 35 35 85 85 85 50 50 25 25 25 25 25 85 40 25 55 55 55 55 0 60 60 60 60 60 15 15 15 15 15 15 15
65 65 65 65 110 90 65 65 65 65 110 250 250 250 135 75 75 75 75 75 80 75 75 85 45 45 55 55 70 70 120 120 120 45 45 70 70 55 45 45 45 45 45 90 65 65 65 100 25 25 25 50 95 95 140 140 140 85 45 25 25 25 25 25 45 40 20 20 55 55 10 10 10 0 0 60 60 35 35 35 15 15 15 15 15
65 65 65 65 90 90 65 65 65 65 65 250 250 160 135 135 135 75 75 75 75 75 115 115 35 35 35 70 70 70 70 120 15 45 45 70 70 45 45 80 80 90 90 90 90 90 35 35 35 35 40 40 50 50 140 85 85 45 45 25 45 25 25 25 45 45 20 20 20 20 10 10 0 0 0 60 60 35 35 35 60 60 60 60 15
80 65 70 70 70 90 65 65 65 65 115 115 115 125 125 75 75 135 95 75 75 115 115 115 35 35 35 35 85 85 70 65 15 15 70 70 70 45 45 80 50 60 50 50 35 35 35 35 35 35 35 40 20 20 45 20 20 20 25 25 45 45 40 40 40 45 20 20 20 50 50 10 0 0 0 50 50 50 50 60 60 60 60 60 15
195 85 85 85 105 105 65 115 115 115 115 115 115 115 145 75 75 70 135 75 75 85 85 85 105 80 35 15 85 65 65 65 65 55 55 55 55 45 80 80 60 60 35 35 35 35 35 50 50 40 40 40 20 20 20 25 25 20 20 50 45 45 45 45 45 45 45 35 50 50 50 50 40 40 40 50 50 50 50 40 70 70 50 50 50
195 195 85 85 160 105 65 115 115 115 115 115 115 145 145 145 145 145 145 100 85 85 85 85 55 75 35 45 15 65 65 65 65 55 55 55 55 65 80 50 50 50 60 60 40 35 35 70 50 70 70 20 35 35 20 25 25 25 25 50 50 50 50 50 35 35 35 35 35 10 10 50 15 15 85 40 55 55 55 45 45 50 25 25 50
85 85 160 160 160 160 115 115 115 115 115 115 115 145 145 145 145 145 145 145 95 85 140 140 55 55 45 45 45 65 65 55 70 150 65 65 65 65 95 100 100 60 40 40 40 60 20 20 70 25 25 25 25 25 35 25 25 25 25 25 50 50 50 50 35 35 35 35 35 10 10 45 45 45 85 85 85 85 40 65 65 50 50 50 30
95 85 85 85 160 65 115 115 100 200 200 200 145 145 145 145 145 145 145 95 95 95 140 140 140 55 55 95 55 55 55 55 70 150 65 65 100 100 95 95 95 100 60 60 60 75 25 25 25 80 80 80 80 30 15 15 25 25 30 30 50 50 35 35 35 35 35 55 10 10 10 45 45 15 15 15 85 85 85 85 50 50 50 30 30
95 95 25 90 90 145 115 115 35 35 35 145 145 145 145 145 145 145 145 95 95 95 95 95 95 140 55 75 75 95 95 65 65 65 65 65 100 100 100 100 100 95 60 60 60 75 75 75 80 80 80 80 80 30 30 30 60 60 80 80 25 35 35 35 35 35 35 35 35 60 60 60 60 15 15 0 0 0 10 85 50 50 30 30 30
95 25 25 25 115 145 145 105 105 95 95 140 140 145 145 145 95 145 95 95 95 95 95 95 95 95 95 120 120 95 95 95 95 65 65 100 100 100 100 100 100 20 95 175 175 175 75 40 80 80 80 80 30 30 30 60 60 60 60 25 25 45 45 35 35 35 35 35 35 35 35 35 30 30 35 35 35 35 10 35 25 25 30 30 30
75 75 115 115 115 115 105 105 105 150 150 150 95 95 85 145 95 95 95 95 95 95 95 95 95 95 95 95 95 95 95 95 65 65 65 100 100 100 100 100 20 100 100 175 175 175 175 40 40 40 80 80 35 35 30 35 35 35 35 25 25 45 45 35 35 100 35 35 35 35 35 35 50 50 50 50 35 35 35 35 35 15 15 30 30
85 75 115 115 115 105 105 105 115 80 80 150 195 95 95 155 95 95 95 95 95 95 95 95 95 95 95 95 95 95 95 95 95 95 95 100 20 20 20 60 20 20 70 175 175 175 60 60 60 40 35 35 35 35 65 65 65 65 25 25 45 45 45 35 35 100 100 100 100 35 50 50 50 50 50 50 50 20 20 20 20 15 15 30 30
85 110 110 110 110 125 105 105 115 115 115 110 195 195 185 155 110 110 155 120 95 95 95 95 95 95 95 95 95 95 95 95 95 90 95 125 125 125 20 20 20 70 70 70 70 60 60 60 10 10 25 25 10 30 30 50 50 50 50 45 45 45 45 100 100 100 100 100 100 100 50 50 50 50 50 50 50 20 20 20 20 20 20 30 30
110 110 110 100 100 125 110 110 70 105 30 30 110 80 185 185 45 45 105 110 95 95 95 95 95 95 95 95 95 100 95 95 90 90 90 125 125 90 90 20 20 70 70 70 70 60 60 60 0 25 25 25 30 30 30 30 30 0 0 0 0 45 45 45 45 45 45 45 45 50 50 50 50 50 50 50 20 20 20 20 20 20 20 70 70
110 125 125 125 125 125 110 110 110 110 110 110 125 125 125 125 45 45 125 125 125 95 95 95 95 95 95 95 100 100 100 100 100 90 90 90 125 90 90 90 90 70 70 15 15 55 15 15 45 0 0 0 30 30 30 65 30 0 0 0 0 0 0 0 45 45 45 45 0 0 0 0 50 50 50 50 50 50 50 20 20 20 20 70 70
125 125 125 125 125 110 110 110 110 110 125 125 125 125 125 125 125 125 125 125 90 90 75 75 75 75 75 80 80 80 90 90 100 100 100 100 90 90 90 90 90 90 90 95 95 95 95 40 40 0 30 30 30 30 65 65 0 0 0 0 0 0 0 0 0 0 0 45 0 0 0 0 0 0 0 50 50 50 50 20 20 20 70 70 70
125 125 125 125 125 110 110 110 110 110 125 125 125 125 125 125 125 125 125 125 225 225 185 185 185 75 60 60 80 80 90 90 50 100 50 40 40 85 85 95 95 95 90 90 70 70 50 50 50 60 55 55 55 55 50 65 0 0 0 0 0 0 0 0 0 0 0 0 0 0 0 0 0 0 0 0 0 50 50 20 20 20 70 70 70
