Datasets/asian.asc
ncols         383
nrows         239
xllcorner     -73.976723696231
yllcorner     45.396293541168
cellsize      0.0013089085639051
NODATA_value  -9999
[rows 152 to 189 of 239, columns 255 to 339 of 383]
0 125 225 225 225 160 125 125 120 165 165 75 35 55 25 60 60 60 60 75 75 75 0 0 0 0 0 0 0 0 0 0 0 0 0 0 0 0 0 110 110 110 110 110 110 110 110 110 110 30 90 90 90 85 85 155 155 155 155 155 370 275 275 275 275 160 160 90 90 90 45 45 45 45 -9999 -9999 -9999 -9999 -9999 -9999 -9999 0 0 0 0
0 225 225 160 160 125 125 120 75 20 20 20 55 55 25 25 15 15 60 15 75 15 0 0 0 0 0 0 0 0 0 0 0 0 0 0 0 0 0 110 110 110 110 110 110 110 110 110 90 80 75 75 95 85 415 415 155 155 155 155 370 370 275 180 180 180 180 90 90 90 -9999 -9999 45 45 -9999 -9999 -9999 -9999 -9999 -9999 -9999 -9999 0 0 -9999
0 225 225 125 225 125 125 120 20 20 20 20 20 85 25 15 15 15 15 15 15 0 0 0 0 0 0 0 0 0 0 0 0 0 0 0 0 0 0 110 110 110 110 110 110 110 110 110 95 95 80 80 30 95 415 415 415 155 155 370 370 225 370 370 370 370 75 90 90 45 -9999 45 45 45 -9999 -9999 -9999 -9999 -9999 -9999 -9999 -9999 0 0 -9999
140 225 125 125 125 125 230 95 95 95 150 150 85 85 0 0 50 50 15 15 0 0 0 0 0 0 0 0 0 0 0 0 0 0 0 0 0 110 110 110 110 110 110 110 110 110 110 95 95 95 95 95 30 30 415 415 415 445 445 445 370 370 370 370 75 75 75 75 45 45 45 45 45 -9999 -9999 45 -9999 -9999 -9999 -9999 -9999 -9999 -9999 -9999 -9999
140 140 125 125 125 170 230 95 95 140 150 150 60 75 75 55 50 50 50 0 0 0 0 0 0 0 0 0 0 0 0 0 0 0 0 0 0 110 110 110 110 110 110 110 110 110 110 95 95 95 95 95 95 415 415 415 445 445 445 445 445 370 370 75 75 75 75 75 45 -9999 -9999 -9999 -9999 -9999 -9999 45 -9999 -9999 -9999 -9999 -9999 -9999 -9999 -9999 -9999
140 140 280 280 280 230 170 95 95 150 60 60 60 75 75 55 55 55 55 0 0 0 0 0 0 0 0 0 0 0 0 0 0 0 0 0 110 110 110 110 110 110 110 110 110 110 115 115 95 95 95 95 415 415 415 415 445 445 445 445 445 445 445 75 75 75 75 75 45 -9999 -9999 45 45 -9999 -9999 45 -9999 -9999 -9999 -9999 -9999 -9999 -9999 -9999 -9999
140 280 280 280 280 280 95 95 0 145 215 215 75 75 55 55 55 40 40 40 0 0 0 0 0 0 0 0 0 0 0 0 0 0 110 110 110 110 110 110 110 110 110 110 115 115 115 180 205 205 345 415 415 415 415 445 445 445 445 445 445 445 75 75 75 75 75 75 45 45 -9999 -9999 -9999 -9999 -9999 45 -9999 -9999 -9999 -9999 -9999 -9999 -9999 -9999 -9999
220 220 220 245 245 420 420 245 145 215 65 65 55 55 55 55 40 40 40 40 0 0 0 0 0 0 0 0 0 0 0 0 0 0 110 110 110 110 110 110 110 110 110 110 115 115 55 55 180 345 345 345 345 345 445 445 445 445 445 445 445 620 620 290 290 290 50 50 50 -9999 -9999 -9999 -9999 45 -9999 45 -9999 -9999 -9999 -9999 -9999 -9999 -9999 -9999 -9999
480 220 600 245 420 420 245 245 115 35 35 35 120 120 85 55 40 40 40 0 0 0 0 0 0 0 0 0 0 0 0 0 0 110 110 110 110 110 110 110 110 110 130 115 140 140 140 140 55 345 345 345 345 1315 1315 445 445 445 445 445 620 620 620 290 290 290 290 85 85 -9999 45 -9999 -9999 45 -9999 45 -9999 -9999 -9999 -9999 -9999 -9999 -9999 -9999 -9999
180 200 375 205 420 420 115 165 35 35 35 35 140 60 120 25 60 60 60 0 0 0 0 0 0 0 0 0 0 0 110 110 110 110 110 110 110 110 110 110 110 130 130 80 355 355 140 140 345 345 345 345 345 1315 1315 1315 445 445 445 445 620 620 105 290 290 290 290 85 85 -9999 45 -9999 -9999 45 -9999 45 45 -9999 -9999 -9999 -9999 -9999 -9999 -9999 -9999
180 200 385 150 115 115 165 270 215 240 140 60 60 60 60 60 60 60 60 55 0 0 0 0 0 0 0 0 0 0 110 110 110 110 110 110 110 110 110 110 130 130 130 170 170 170 170 225 90 90 1315 1315 1315 1315 1315 1315 1315 1315 620 620 620 620 105 105 180 290 290 55 85 45 45 -9999 -9999 45 -9999 45 45 -9999 -9999 -9999 -9999 -9999 -9999 -9999 -9999
390 250 385 150 235 235 310 215 240 130 130 60 60 60 60 60 110 55 55 55 80 285 285 285 125 125 130 230 135 135 75 75 75 75 75 75 75 75 75 75 130 130 170 170 170 105 105 160 90 0 1315 1315 1315 1315 1315 1315 50 620 620 620 620 105 180 180 310 310 310 55 55 45 45 -9999 45 45 -9999 45 45 -9999 -9999 -9999 -9999 -9999 -9999 -9999 -9999
390 60 355 225 225 225 465 345 100 215 85 85 85 85 60 110 110 80 80 80 80 80 100 100 125 125 105 135 135 135 135 135 135 75 75 75 130 130 130 130 130 170 170 170 170 290 290 90 90 0 0 550 550 1315 1315 50 50 220 620 620 105 105 180 310 310 70 70 70 55 45 45 -9999 45 45 45 45 45 -9999 -9999 -9999 -9999 -9999 -9999 -9999 -9999
60 60 60 225 325 325 455 455 100 215 105 110 110 110 110 110 80 80 80 80 80 135 135 100 135 135 135 135 135 135 135 75 75 75 75 75 130 130 130 130 130 170 170 170 85 90 90 90 0 105 0 550 550 550 50 50 85 85 220 220 450 180 180 450 310 70 70 0 -9999 45 45 -9999 45 45 45 45 45 -9999 -9999 -9999 -9999 -9999 -9999 -9999 -9999
225 225 225 225 265 265 455 130 220 105 105 110 110 110 110 110 80 80 80 80 35 35 135 135 135 135 135 135 135 135 75 75 75 75 65 65 65 65 65 65 130 130 165 345 345 140 140 210 105 90 550 550 65 65 65 65 85 85 450 450 450 450 450 450 450 0 0 -9999 -9999 45 45 45 45 45 45 45 45 45 -9999 -9999 -9999 -9999 -9999 -9999 -9999
225 210 225 225 175 175 130 130 130 75 75 110 110 110 110 45 30 30 80 80 35 35 135 135 135 135 135 135 75 75 75 75 75 75 65 65 65 0 0 0 0 25 25 165 165 405 405 405 405 405 115 115 115 115 125 90 75 85 450 450 450 450 450 450 450 0 0 0 0 0 0 45 45 45 45 45 45 45 -9999 -9999 -9999 -9999 -9999 -9999 -9999
85 210 210 190 10 130 130 130 130 75 75 145 145 145 70 110 30 30 35 35 35 35 135 135 135 75 75 75 75 55 55 55 55 55 0 0 0 0 0 0 25 25 275 275 55 55 55 405 405 405 70 115 115 115 90 285 285 285 285 285 285 285 -9999 65 65 0 0 0 0 0 0 0 0 0 0 0 45 45 45 -9999 -9999 -9999 -9999 -9999 -9999
40 85 110 175 90 95 95 55 55 65 65 35 80 80 10 10 70 30 30 30 35 35 75 75 75 75 75 60 60 55 55 55 55 55 100 100 0 0 25 25 25 35 35 55 55 55 55 405 405 70 50 50 90 90 285 285 285 285 285 285 285 -9999 65 65 65 65 65 65 65 0 0 0 0 65 65 65 65 65 65 65 65 -9999 -9999 -9999 -9999
40 40 110 110 90 90 90 60 60 60 35 35 80 80 80 10 10 70 70 70 70 75 75 25 25 60 60 60 20 20 20 55 100 100 100 100 15 100 100 25 25 35 55 55 55 55 55 55 70 75 50 85 85 85 150 150 285 285 285 65 65 65 65 65 65 65 65 65 65 65 65 65 65 65 65 65 65 65 65 65 65 -9999 -9999 -9999 -9999
100 65 65 65 90 90 90 90 20 60 60 55 80 80 80 10 10 10 70 70 70 75 25 25 25 25 25 20 20 20 20 15 15 15 15 25 35 35 30 30 30 35 35 35 55 55 55 55 70 75 30 85 80 80 80 285 285 285 95 65 65 65 65 65 65 65 65 65 65 65 65 65 65 65 65 65 65 65 65 65 -9999 -9999 -9999 -9999 -9999
100 100 100 90 90 90 90 20 20 20 60 55 55 55 45 10 10 115 75 115 115 75 30 25 25 25 20 20 20 45 45 15 15 15 30 25 25 115 30 35 35 35 35 35 35 15 15 15 60 30 95 95 80 55 55 55 -9999 95 95 15 15 65 65 65 0 65 65 65 65 65 65 65 65 65 65 65 65 65 65 65 -9999 -9999 -9999 -9999 -9999
100 45 45 45 45 90 90 70 70 20 60 60 45 45 45 115 115 75 75 75 75 75 75 30 30 30 20 20 45 45 45 45 45 45 30 30 25 25 185 185 185 35 35 10 105 15 60 60 60 60 60 60 55 55 55 -9999 95 95 95 15 55 55 55 0 65 65 10 10 10 65 65 65 65 65 65 65 65 65 65 65 -9999 -9999 -9999 -9999 -9999
0 0 45 45 45 110 110 110 100 70 60 110 35 35 240 80 30 75 75 75 75 75 75 30 30 30 50 50 50 45 45 45 30 30 30 30 30 30 185 35 35 35 10 105 105 45 60 60 45 20 60 60 60 -9999 -9999 95 95 95 95 25 55 55 55 0 20 20 10 10 10 65 65 65 65 65 65 65 65 65 65 -9999 -9999 -9999 -9999 -9999 -9999
0 0 0 45 110 110 110 110 75 70 60 60 110 110 80 80 80 30 35 35 35 75 70 70 30 15 15 15 15 50 25 25 25 40 30 30 30 185 35 35 10 10 10 105 105 45 45 45 20 20 20 60 -9999 80 80 95 50 50 25 25 55 55 0 0 20 20 30 30 30 65 65 65 65 65 65 65 65 65 65 -9999 -9999 -9999 -9999 -9999 -9999
0 0 65 65 65 110 110 110 75 75 60 60 60 35 35 20 80 20 30 35 35 35 70 70 15 15 15 15 15 45 45 45 40 40 40 35 35 35 20 35 35 35 35 35 50 50 35 35 35 75 20 50 80 80 80 80 40 40 40 40 30 30 0 30 25 25 30 30 30 30 30 65 65 65 65 65 65 65 65 -9999 -9999 -9999 -9999 -9999 -9999
55 65 65 65 65 110 60 60 75 75 10 60 60 35 35 35 20 20 20 30 30 30 70 55 55 55 15 15 15 65 45 45 80 80 80 80 35 45 45 20 35 35 25 25 50 50 50 50 50 50 -9999 50 50 55 55 55 55 55 20 30 15 15 30 30 10 10 65 65 65 65 65 65 65 65 65 65 65 65 -9999 -9999 -9999 -9999 -9999 -9999 -9999
60 40 40 40 40 60 60 60 60 10 10 10 15 15 15 35 90 90 65 65 30 30 30 55 35 55 55 55 30 65 65 80 80 80 80 80 80 45 45 45 45 45 0 25 25 50 50 50 50 -9999 50 50 50 50 50 50 20 20 20 20 15 15 20 65 65 65 65 65 65 65 65 65 65 65 65 65 65 -9999 -9999 -9999 -9999 -9999 -9999 -9999 -9999
110 110 110 40 40 40 40 40 20 20 20 30 30 40 40 30 25 25 10 10 25 25 65 65 55 35 30 30 30 30 30 40 40 80 80 80 50 50 45 45 0 0 0 20 20 50 50 50 50 50 50 50 50 30 30 30 95 20 20 15 15 15 20 65 65 65 65 65 65 65 65 65 65 -9999 -9999 -9999 -9999 745 745 745 -9999 -9999 -9999 -9999 -9999
110 110 110 125 40 40 40 40 20 20 30 30 30 35 35 30 30 30 10 10 25 25 25 25 100 100 90 90 90 40 40 40 40 40 40 0 50 50 50 0 0 0 0 0 20 35 50 -9999 -9999 50 50 50 50 50 30 30 95 95 95 20 20 65 65 65 65 65 65 65 65 65 65 65 -9999 -9999 -9999 -9999 110 745 745 745 745 -9999 -9999 -9999 -9999
110 110 110 125 125 125 20 20 20 35 30 30 35 35 35 35 35 10 10 25 25 25 50 100 100 100 100 40 40 40 40 40 40 0 50 50 50 35 35 20 20 20 10 35 35 35 -9999 50 50 50 50 50 50 50 30 30 65 95 95 95 30 65 65 65 65 65 65 65 65 65 -9999 -9999 -9999 -9999 110 110 745 745 745 745 745 745 745 -9999 -9999
45 45 70 125 125 70 70 70 70 35 35 30 35 35 35 35 35 25 10 25 15 15 50 50 100 120 120 40 40 40 40 40 0 0 50 50 50 35 35 65 10 35 35 35 35 -9999 50 50 50 50 50 50 50 50 15 15 65 30 30 80 80 80 80 80 80 65 65 65 -9999 -9999 -9999 -9999 -9999 110 745 745 745 745 745 745 745 745 745 -9999 -9999
130 130 130 130 65 65 65 60 60 30 30 30 40 35 35 35 25 25 25 10 15 15 15 15 120 120 45 120 120 120 120 0 0 0 50 50 50 50 65 65 65 35 35 35 -9999 50 50 50 50 -9999 50 50 50 50 30 30 60 30 30 80 80 80 80 80 -9999 -9999 -9999 -9999 -9999 -9999 -9999 110 110 745 745 745 745 745 745 745 745 745 745 140 -9999
180 180 130 130 65 65 60 60 60 60 30 30 20 40 45 45 75 0 0 45 45 45 45 45 110 110 120 120 45 120 0 0 0 0 50 50 50 50 65 65 65 -9999 -9999 50 50 50 50 50 50 50 15 50 50 50 30 30 60 60 80 80 80 80 80 80 -9999 -9999 -9999 -9999 110 110 110 110 200 200 745 745 745 745 745 745 85 85 140 140 140
210 210 180 65 65 65 60 60 60 275 275 20 20 20 140 140 75 75 75 95 45 45 45 95 120 120 0 0 0 0 0 0 0 0 0 0 50 -9999 50 50 50 50 50 50 50 50 50 50 15 15 15 15 50 50 20 10 10 0 35 35 80 80 80 80 -9999 -9999 110 110 110 110 110 200 200 200 745 745 745 745 745 745 85 85 -9999 -9999 -9999
210 210 55 45 65 55 55 60 60 275 275 275 275 70 70 70 140 110 120 95 95 120 120 120 120 0 0 0 0 0 0 0 0 0 0 0 60 50 50 50 50 50 50 50 50 50 50 -9999 0 0 0 45 15 15 30 30 10 0 35 45 45 80 80 80 -9999 -9999 110 105 105 105 140 140 200 200 200 745 745 745 745 140 140 140 -9999 -9999 -9999
55 55 55 55 55 55 55 220 220 220 275 395 395 110 110 110 120 120 120 120 120 120 120 120 0 0 0 0 0 0 0 0 0 0 -9999 -9999 60 60 60 70 70 70 70 0 50 50 50 -9999 0 0 0 45 15 15 30 30 30 25 60 60 45 80 80 80 -9999 -9999 110 140 140 140 140 140 200 200 200 745 745 745 140 140 140 -9999 -9999 -9999 -9999
55 55 55 15 15 15 15 15 15 45 70 525 525 120 120 120 120 120 120 120 120 0 0 0 0 0 0 0 0 0 0 0 -9999 30 60 60 60 60 60 50 15 15 15 0 0 25 25 -9999 75 75 75 75 25 25 50 50 50 50 50 50 50 135 135 135 -9999 -9999 110 140 140 200 200 200 30 30 105 105 105 0 140 -9999 -9999 -9999 -9999 -9999 -9999
55 55 55 30 30 30 45 45 45 45 45 525 120 120 120 120 120 120 0 0 0 0 0 0 0 0 0 0 -9999 -9999 30 30 30 30 15 0 0 15 15 50 15 15 35 35 15 15 15 -9999 75 75 75 25 25 45 20 20 20 20 135 135 135 135 135 135 -9999 -9999 110 110 80 30 30 30 30 30 105 105 105 175 140 -9999 -9999 -9999 -9999 -9999 -9999
