Datasets/asian.asc
ncols         383
nrows         239
xllcorner     -73.976723696231
yllcorner     45.396293541168
cellsize      0.0013089085639051
NODATA_value  -9999
[rows 76 to 113 of 239, columns 255 to 339 of 383]
-9999 -9999 35 35 35 35 35 35 35 55 10 30 25 25 30 55 35 35 15 20 20 20 30 30 30 30 30 20 20 20 20 20 20 20 20 80 80 80 80 80 80 80 80 80 80 50 50 50 50 50 50 50 50 50 50 50 50 50 50 50 50 50 20 20 15 15 15 15 35 30 10 10 0 0 0 0 25 30 30 30 30 30 0 30 30
-9999 -9999 35 0 0 35 35 35 15 15 55 55 30 30 30 55 55 35 35 30 30 30 30 30 30 20 20 20 20 20 20 20 20 20 20 20 20 80 80 80 80 80 80 80 40 40 30 30 30 0 50 50 50 50 50 50 50 50 50 50 50 20 20 20 15 15 0 0 0 20 20 10 10 10 10 10 10 25 0 30 30 30 30 30 30
-9999 -9999 10 0 0 35 15 15 15 15 55 55 55 55 55 0 0 40 30 30 30 30 30 30 20 20 20 20 20 20 20 20 20 20 20 20 20 65 65 80 80 80 80 30 40 40 40 40 0 0 0 50 50 50 50 45 50 50 50 20 20 0 0 0 15 15 0 0 0 20 20 20 20 20 20 0 0 10 0 15 15 30 30 10 10
-9999 15 10 25 25 20 20 20 35 35 35 35 55 55 55 40 40 40 30 30 30 30 30 30 20 20 20 20 20 20 20 20 20 20 20 65 65 65 65 65 65 80 30 30 30 30 40 40 0 0 50 50 50 45 45 45 45 50 50 20 20 20 0 25 35 35 35 35 35 20 0 0 0 0 0 0 65 0 25 15 15 15 15 20 20
-9999 15 15 25 25 20 20 20 20 35 25 30 30 85 85 85 100 100 25 25 25 25 30 20 20 20 20 20 20 20 20 20 20 65 65 65 65 65 65 65 65 65 65 30 30 30 0 0 0 0 15 15 25 25 25 45 45 45 45 45 45 20 20 25 35 25 25 25 35 0 0 0 0 65 65 65 65 60 65 25 25 25 15 15 15
10 15 25 25 35 35 20 20 40 40 25 30 30 45 45 85 85 25 25 25 25 25 20 20 20 20 20 20 20 20 20 15 15 15 15 65 65 65 65 65 65 65 65 65 20 30 15 15 15 0 15 15 25 25 25 45 45 45 45 45 45 45 45 20 25 25 25 25 0 0 0 0 0 65 65 65 65 65 60 55 55 55 0 0 15
10 10 30 25 35 65 65 65 45 45 25 45 45 45 45 85 20 25 25 25 25 25 20 20 20 80 20 20 20 15 15 20 20 20 20 0 65 65 0 0 0 0 20 20 20 20 20 20 20 15 20 25 25 25 25 45 45 45 45 45 45 45 45 45 20 25 25 25 0 0 20 20 20 65 65 60 60 65 60 55 55 55 0 55 0
45 30 30 25 65 65 0 0 45 45 15 15 45 20 20 20 20 25 25 25 50 50 50 20 80 80 80 80 15 15 15 15 20 0 0 0 0 0 0 0 0 0 20 20 20 20 20 20 20 20 20 0 0 25 25 45 45 45 45 45 45 45 45 45 45 45 45 45 0 0 20 20 20 65 65 60 60 60 60 55 55 55 55 55 0
45 45 0 90 90 65 65 65 25 25 15 50 50 50 50 25 25 25 25 25 50 50 50 50 80 80 80 15 15 15 15 15 20 0 0 0 0 0 0 0 20 20 20 20 20 20 20 20 20 20 20 20 25 25 25 45 45 45 45 45 45 45 45 45 25 25 45 45 45 45 20 20 25 25 25 25 60 60 55 55 55 55 55 55 30
45 45 35 90 90 90 90 25 25 25 0 50 50 30 30 30 25 25 290 290 50 50 50 50 50 50 80 20 20 15 15 15 20 0 0 0 0 0 0 20 35 35 20 20 20 20 20 20 20 20 20 20 20 25 25 45 45 45 45 45 45 45 45 45 25 25 45 25 25 45 45 20 25 25 25 25 60 60 50 50 50 50 55 55 30
35 35 35 0 90 90 90 15 15 0 0 35 15 30 30 30 30 25 290 290 290 290 0 50 50 50 60 80 80 50 50 50 50 50 50 50 10 15 20 35 35 35 0 0 20 20 20 20 20 20 20 20 25 25 25 25 45 20 45 45 60 60 60 60 25 25 25 50 50 45 45 0 0 20 60 60 60 50 50 50 50 50 50 55 55
15 15 50 50 50 90 15 15 15 15 35 35 15 30 30 30 30 290 290 290 290 290 0 0 0 50 60 60 60 60 50 50 50 50 50 50 10 15 0 0 25 25 25 20 20 90 90 90 90 20 25 25 25 25 25 25 25 45 20 0 0 0 60 60 10 10 25 50 50 50 50 0 20 15 40 40 50 50 50 50 50 55 55 55 55
15 15 15 55 55 55 15 15 15 45 45 35 55 30 30 30 30 290 290 290 290 290 25 0 0 25 25 25 25 60 60 50 50 50 10 10 25 10 0 25 25 25 25 25 25 90 90 90 90 25 25 25 25 25 25 25 25 45 45 50 50 30 30 30 30 30 15 15 15 25 15 15 20 15 40 40 40 40 40 50 50 55 55 55 55
65 65 30 30 55 90 90 20 20 20 55 55 55 55 55 55 30 30 290 290 105 25 25 25 25 25 25 25 25 25 25 60 65 10 10 10 25 25 0 25 25 25 25 25 90 90 90 90 90 25 25 25 25 25 25 25 25 45 30 30 50 30 30 30 30 30 30 30 30 15 15 15 15 40 40 40 40 40 40 40 70 70 70 70 70
65 30 30 30 30 90 90 55 55 55 55 55 55 55 30 30 30 30 30 105 105 105 105 20 0 35 0 25 25 25 35 35 35 65 65 65 25 25 50 25 25 25 25 25 90 90 90 25 25 25 60 35 35 35 25 25 25 25 30 30 30 30 30 30 30 30 30 30 30 30 25 15 40 40 40 40 40 40 40 40 70 70 70 70 110
55 30 30 30 30 15 15 15 15 55 55 55 55 30 30 30 30 30 30 30 30 105 105 20 40 35 25 25 35 35 35 50 50 35 65 65 65 50 50 50 10 10 10 25 25 90 25 25 25 25 60 35 55 35 35 35 25 25 45 30 30 30 30 30 30 30 30 30 25 25 25 25 25 25 25 25 25 40 40 70 70 70 70 110 110
45 55 55 55 30 30 15 15 35 35 35 55 55 30 30 30 30 30 30 30 30 40 40 40 35 25 25 25 15 15 50 50 50 45 65 65 90 90 50 50 10 10 10 25 25 75 25 30 30 30 35 35 55 15 15 15 15 25 20 20 45 60 45 30 30 30 30 30 25 25 25 25 25 25 25 25 25 25 25 70 70 70 70 110 110
85 85 85 55 35 35 40 75 15 35 35 55 30 30 30 30 30 30 30 30 30 25 25 25 25 25 25 25 15 15 15 45 45 45 15 90 90 90 90 90 50 10 10 25 25 75 75 30 35 35 35 35 35 15 15 15 15 20 20 20 60 60 60 50 50 35 25 10 10 10 25 25 25 25 25 25 25 25 25 25 70 70 70 110 110
60 80 80 65 35 35 75 75 75 75 15 30 60 60 30 30 30 15 15 35 15 15 15 15 30 30 25 25 40 40 40 40 15 15 15 15 15 90 90 90 90 25 25 25 75 75 75 30 35 35 50 50 15 15 15 50 50 50 20 20 50 10 10 10 10 35 25 10 80 80 80 80 50 25 25 25 25 25 25 25 25 50 50 50 50
80 80 80 80 65 65 75 75 75 75 55 60 60 60 70 30 30 30 30 30 35 15 15 15 30 30 35 35 40 40 15 15 15 0 0 70 70 0 90 90 90 90 90 35 75 30 30 35 50 50 50 20 50 50 10 10 10 50 50 50 50 15 15 15 20 25 0 0 80 80 10 10 10 50 50 25 25 40 40 40 20 20 50 50 50
80 80 80 80 65 65 75 75 75 75 75 60 60 0 70 70 70 30 30 30 30 20 15 15 40 40 40 40 40 40 40 15 15 0 0 70 70 35 35 10 10 35 35 35 35 35 45 40 40 40 60 60 20 20 10 50 50 50 50 50 55 15 15 15 20 20 0 0 0 0 10 10 50 50 50 25 25 40 40 40 10 10 10 10 20
80 80 45 45 45 65 75 75 75 75 70 70 70 20 20 10 10 60 95 20 20 15 15 15 40 40 40 0 35 35 40 25 15 15 70 70 70 35 35 10 20 30 20 20 45 45 45 40 40 40 40 60 15 15 0 35 35 35 50 50 55 55 35 35 35 10 0 0 0 20 20 10 50 50 50 30 30 30 30 10 10 10 10 10 20
40 35 35 35 55 55 75 70 70 70 70 70 70 70 105 10 10 30 60 210 210 30 30 30 0 55 40 10 35 25 25 25 25 35 35 35 35 35 10 10 30 30 45 45 45 45 45 55 55 60 60 60 15 15 15 10 10 35 35 25 55 55 55 55 10 10 10 60 20 20 20 20 15 15 15 30 30 30 30 20 30 30 0 0 0
40 40 35 35 55 55 75 70 70 70 70 70 70 105 105 105 105 105 105 60 75 75 75 75 90 50 0 55 10 25 25 25 25 35 35 35 35 35 10 20 20 20 30 30 15 45 45 25 55 25 25 15 0 0 15 10 10 10 10 25 25 25 25 25 25 25 25 60 25 40 40 20 30 30 15 15 25 25 25 15 15 10 20 20 10
35 35 55 55 55 55 70 70 70 70 70 70 70 105 105 105 105 105 105 105 80 75 70 70 90 90 55 55 55 25 25 65 60 40 35 35 35 35 45 20 20 35 15 15 15 35 65 65 25 35 35 45 45 45 0 10 10 10 25 25 25 25 25 25 20 25 25 25 25 40 40 50 50 50 15 15 15 15 15 15 15 10 10 10 50
35 35 35 35 55 75 70 70 40 40 40 40 105 105 105 105 105 105 105 80 80 80 70 70 70 90 105 110 65 65 65 65 60 40 35 35 70 70 45 45 45 20 35 35 35 20 75 75 75 0 0 0 0 10 0 0 10 10 45 45 25 25 20 20 20 20 25 15 40 40 40 50 50 20 20 20 15 15 15 15 10 10 10 50 50
35 35 50 25 25 35 70 70 65 65 65 105 105 105 105 105 105 105 105 80 80 80 80 80 80 70 105 60 60 100 100 35 35 35 35 35 70 70 70 70 70 45 35 35 35 20 20 20 0 0 0 0 0 10 10 10 30 30 0 0 10 20 20 20 20 20 20 20 20 25 25 25 25 20 20 10 10 10 10 15 10 10 50 50 50
35 50 50 50 80 35 35 75 75 85 85 60 60 105 105 105 80 105 80 80 80 80 80 80 80 80 80 140 140 100 100 100 100 35 35 70 70 70 70 70 70 40 45 90 90 90 20 15 0 0 0 0 10 10 10 30 30 30 30 10 10 35 35 20 20 20 20 20 20 20 20 20 30 30 20 20 20 20 10 35 0 0 50 50 50
45 45 80 80 80 80 75 75 75 35 35 35 85 85 40 105 80 80 80 80 80 80 80 80 80 80 80 80 80 80 80 70 35 35 35 70 70 70 70 70 40 70 70 90 90 90 90 15 15 15 0 0 0 0 10 30 30 30 30 10 10 35 35 20 20 85 20 20 20 20 20 20 75 75 75 75 20 20 20 35 35 15 15 50 50
50 45 80 80 80 75 75 75 40 20 20 35 40 85 85 95 80 80 80 80 80 80 80 80 80 80 80 80 80 80 70 70 70 70 70 70 115 115 115 40 115 115 100 90 90 90 0 0 0 15 0 0 0 0 35 35 35 35 10 10 35 35 35 20 20 85 85 85 85 20 75 75 75 75 75 75 75 20 20 20 20 15 15 50 50
50 25 25 25 25 70 75 75 40 40 40 115 40 40 85 95 55 55 80 65 80 80 80 80 80 80 80 80 80 75 75 75 75 100 70 15 15 15 115 115 115 100 100 100 100 0 0 0 10 10 0 0 10 30 30 50 50 50 50 35 35 35 35 85 85 85 85 85 85 85 75 75 75 75 75 75 75 20 20 20 15 15 15 50 50
60 60 60 60 60 70 25 25 70 75 100 100 115 75 85 85 55 55 85 55 80 80 80 80 80 80 80 80 80 115 75 75 100 100 100 15 15 70 70 115 115 100 100 100 100 50 50 50 25 0 0 0 30 30 30 30 30 0 0 0 0 35 35 35 35 35 35 35 35 75 75 75 75 75 75 75 20 20 20 20 15 15 15 50 50
60 70 70 70 70 70 25 25 25 25 25 25 80 80 80 80 55 55 80 80 80 80 80 80 80 80 80 80 115 115 115 115 115 100 100 100 15 70 70 70 70 100 100 10 10 0 10 10 15 25 25 25 30 30 30 20 30 0 0 0 0 0 0 0 35 35 35 35 0 0 0 0 75 75 75 75 75 75 75 15 15 15 15 50 50
70 70 70 70 70 25 25 25 25 25 80 80 80 80 80 80 80 80 80 80 95 95 150 150 150 150 150 120 120 120 80 80 115 105 105 105 70 70 70 70 70 70 70 30 30 30 30 0 0 15 30 30 30 30 20 20 0 0 0 0 0 0 0 0 0 0 0 35 0 0 0 0 0 0 0 75 75 75 75 15 15 15 50 50 50
70 70 70 70 70 25 25 25 25 25 80 80 80 80 80 80 80 80 80 80 70 70 35 35 35 150 100 100 120 120 80 80 50 105 50 50 50 60 60 35 35 35 10 10 70 70 70 70 70 0 30 30 30 30 0 20 0 0 0 0 0 0 0 0 0 0 0 0 0 0 0 0 0 0 0 0 0 75 75 15 15 15 50 50 50
70 70 70 25 25 25 25 25 25 80 80 80 80 80 80 80 80 80 80 80 80 70 70 35 35 35 85 100 70 70 120 120 50 50 50 55 50 60 60 60 0 25 25 10 0 0 10 10 90 90 90 0 0 65 0 0 0 0 0 0 0 0 0 0 0 0 0 0 0 0 0 0 0 0 0 0 0 35 35 35 15 15 50 50 50
0 0 35 15 25 25 25 25 80 80 80 80 80 80 80 80 80 80 80 80 80 70 70 70 85 85 85 85 70 70 70 70 50 50 55 55 40 40 40 60 0 25 25 25 10 10 0 0 50 50 90 90 90 65 0 0 0 0 0 0 0 0 0 0 0 0 0 0 0 0 0 0 0 0 105 105 105 35 35 35 35 15 50 50 50
0 0 15 15 0 0 25 25 80 80 80 80 80 80 80 80 80 80 80 80 80 80 80 65 65 85 85 90 85 85 70 80 80 135 55 55 40 40 40 70 25 25 25 10 10 10 10 50 50 50 35 35 35 40 0 0 0 0 0 0 0 0 0 0 0 0 0 0 0 0 0 0 0 25 25 25 35 35 35 35 35 15 15 15 15
