Datasets/avgincome.asc
ncols         383
nrows         239
xllcorner     -73.976723696231
yllcorner     45.396293541168
cellsize      0.0013089085639051
NODATA_value  -9999
[rows 102 to 135 of 239, columns 231 to 307 of 383]
-9999 -9999 -9999 -9999 -9999 -9999 48600 48600 48600 48600 48600 48600 35800 42400 42400 37400 37400 46200 46200 35400 35400 35400 35400 33800 33800 33800 33600 33200 33200 31200 33400 33400 28600 28600 28600 29200 29200 29200 29200 29200 29200 29200 29200 26600 26600 26600 26600 26600 26600 29800 30500 29900 29900 30600 30600 38200 38200 38200 38200 38200 33400 33400 33400 33400 33400 30400 37100 37100 37100 31650 31650 31650 35000 35000 35000 35000 35000
-9999 -9999 -9999 -9999 -9999 -9999 48600 48600 48600 48600 48600 33800 35800 42400 42400 42400 42400 46200 46200 39600 39600 39600 35000 33800 33800 33600 33600 33600 32600 31200 31200 34000 34000 28200 28200 30100 30100 29200 29200 29200 26600 29200 26600 26600 26600 26600 26600 26600 26600 26600 26600 27600 27600 30600 30600 30600 30600 38200 38200 33400 33400 33400 33400 33400 33400 34400 30400 39300 39300 39300 31650 36400 35000 35000 35000 35000 40400
-9999 -9999 -9999 -9999 -9999 -9999 -9999 -9999 48600 48600 33800 33800 35800 42400 42400 42400 34000 46200 46200 46200 39600 39600 37800 35000 35000 35000 32600 32600 32600 32600 34000 34000 34000 30300 30300 30300 28200 28200 32000 29200 26600 26600 26600 26600 26600 26600 26600 26600 26600 26600 26600 26600 26600 26600 26600 34400 38200 38200 38200 33400 33400 33400 33400 33400 34400 33400 33400 39300 39300 39300 39300 36400 36400 36400 35000 35000 33400
-9999 -9999 -9999 -9999 -9999 -9999 -9999 -9999 -9999 0 33800 33800 38800 38800 38800 38800 34000 34000 46200 46200 37400 37400 37400 37800 37800 35000 32600 32600 32600 34000 34000 34000 30300 34000 34000 30300 30500 28200 28200 29100 26600 26600 26600 26600 26600 26600 26600 26600 26600 26600 26600 26600 26600 26600 34400 34400 34400 34400 34400 33400 33800 33800 33800 37800 33800 33800 37200 39300 39300 39300 46200 46200 46200 36400 35600 35600 35600
-9999 -9999 -9999 -9999 -9999 -9999 -9999 -9999 -9999 0 0 31000 37600 37600 37600 34000 34000 35600 35600 46200 37400 37400 37400 37800 37800 30800 30800 30800 30800 33400 34000 30600 30300 30300 30300 32800 30500 30500 27400 29100 31600 31600 29900 29500 26600 26600 26600 26600 26600 26600 26600 26600 26600 26000 26000 26000 26000 36600 34400 35000 35000 35000 33800 33800 33800 37200 37200 37200 37200 46200 46200 46200 56400 56400 46400 46400 56400
-9999 -9999 -9999 -9999 -9999 -9999 -9999 -9999 -9999 0 0 37600 37600 37600 37600 37600 38800 38800 38800 36000 36000 36000 39300 39300 33400 33400 33400 33400 33400 33400 30500 30500 30600 30600 30800 30800 32800 32200 27400 27400 28000 28000 28800 31600 26600 26600 26600 26600 26600 26600 26600 26600 26600 35100 26000 26000 36600 36600 36600 35000 35000 34600 34600 33800 33800 37200 37200 37200 37200 34600 34600 34600 38400 46400 46400 46400 38400
-9999 -9999 -9999 -9999 -9999 -9999 -9999 -9999 -9999 0 37600 37600 45000 37600 37600 37600 53400 53400 36000 36000 36000 36000 39300 39300 33400 33400 33400 33400 33400 33400 30500 30500 30500 30500 30500 30500 29600 29600 29600 29600 28000 28000 29600 29600 29600 26600 26600 26600 26600 26600 26600 26600 35100 35100 35100 35100 35100 36600 36600 36600 35000 34600 34600 34600 34600 37200 37200 35000 35000 31100 35000 35000 32600 38400 38400 38400 38400
-9999 -9999 -9999 -9999 -9999 -9999 -9999 -9999 -9999 0 37800 45000 35200 35200 35200 35200 53400 53400 30500 30500 39300 39300 39300 33400 33400 33400 33400 33400 33400 30500 30500 30500 30500 30500 29600 29600 29600 29600 29600 29600 29600 29600 29600 29600 31000 31000 29900 29900 29900 29900 29900 30800 30800 30800 29000 29000 35100 35800 35800 35800 34600 34600 34600 34600 34600 34600 34600 38600 38600 38600 38600 34000 34000 38000 38400 38400 38400
-9999 -9999 -9999 -9999 -9999 -9999 -9999 -9999 -9999 37800 38200 45000 49800 49800 53400 53400 53400 53400 30500 30500 39000 39000 39000 33400 33400 33400 33400 33400 33400 30500 30500 30500 30500 30500 29600 29600 29600 29600 29600 29600 29600 29600 29600 29600 31400 31400 30500 30500 30500 29900 28400 28400 30800 30800 29000 29000 32800 35800 32800 32000 32000 35300 35300 33400 33400 33400 32600 32600 35600 35600 36100 36100 36100 40400 35800 35800 35800
-9999 -9999 -9999 -9999 -9999 60400 37600 37600 37600 60400 60400 49800 49800 45600 45600 45600 45600 45600 40600 40600 39000 54000 54000 54000 33400 33400 33400 30500 30500 30500 30500 30500 30500 29600 29600 29600 29600 29600 29600 29600 29600 29600 29600 29600 29600 31400 31400 30500 30500 30500 30300 28400 33000 33000 30800 30800 32800 32800 32800 33200 32000 35300 35300 35300 32600 46800 46800 28800 30900 30900 32800 32800 42200 42200 42200 40400 40400
-9999 -9999 -9999 -9999 60400 60400 46000 37600 37600 37600 43200 43200 43200 44200 45600 45600 45600 45600 40600 39000 54000 54000 54000 52800 52800 52800 39600 42800 30500 30500 30500 30500 29600 29600 29600 29600 29600 29600 29600 29600 29600 29600 29600 29600 29600 31400 31400 31400 30300 30300 30300 30300 33000 33000 33000 33000 32800 32800 30300 33200 30600 30600 30600 35300 32600 46800 46800 46800 37000 37000 30900 30900 40200 40200 42200 42200 42200
-9999 -9999 -9999 60400 60400 60400 46000 46000 46000 46000 45800 45800 43200 44200 44200 44200 41800 45600 45600 45600 54000 54000 54000 52800 52800 52800 42800 42800 33600 33600 30500 30500 29600 29600 29600 29600 29600 29600 29600 29600 29600 29600 29600 29600 29600 29600 29600 35000 35000 30300 30300 28500 30300 30300 33000 28600 28600 31000 30300 29700 30600 30600 30600 28100 46800 46800 46800 37000 37000 37000 37000 40200 40200 40200 30400 30400 30400
-9999 59200 59200 60400 60400 38400 38400 38400 46000 46000 45800 45800 44600 44200 44200 44200 41800 41800 41800 41800 54000 54000 54000 40000 40000 54800 52800 42800 33600 33600 33600 41200 29600 29600 29600 29600 29600 29600 29600 29600 29600 29600 29600 29600 29600 29600 36800 36800 35000 35000 35000 35000 28500 30900 28500 28500 28500 32000 28400 28400 31000 28400 33200 33200 46800 46800 46800 37000 37000 37000 37000 40200 40200 40200 30300 30400 30400
59200 59200 59200 59200 59200 32800 32800 32800 57000 43000 57000 57000 44600 44600 41800 41800 41800 49000 41800 38400 54000 40000 40000 40000 40000 54800 54800 33600 33600 33600 41200 41200 39400 39400 29600 29600 29600 29600 29600 29600 29600 29600 29600 29600 29600 29600 28300 33600 36800 36800 35000 38400 38400 37000 30900 32000 32000 32000 35000 35000 35000 41200 41200 41200 41200 40400 40400 40400 40400 40400 40200 40200 40200 40200 46400 46400 46400
59200 59200 59200 59200 59200 32800 32800 32800 32800 32800 32800 44000 44000 54200 54200 54200 54200 49000 38400 38400 35700 35700 35700 53000 54800 54800 54800 37200 37200 37200 54000 41200 39400 39400 39400 29600 29600 29600 29600 29600 29600 29600 29600 29600 29600 28300 33600 36600 36600 36600 38400 38400 37000 37000 37000 32000 32000 32000 35000 35000 35000 46000 46000 46000 41200 40400 43000 43000 40200 40200 40200 40200 40200 40200 39400 39400 39400
59200 44800 44800 44800 44800 32800 32800 32800 32800 32800 32800 45200 45200 45200 54200 49000 49000 49000 38400 38400 38400 53000 53000 53000 53000 35700 38400 38400 50300 50300 54000 54000 54000 54000 43200 43200 43200 38800 38800 29600 29600 29600 28300 28300 28300 28300 28300 48800 36600 36600 48800 36600 38400 37000 33800 33800 33800 38400 35000 35000 46000 46000 46000 46000 40400 40400 40400 43000 43000 43000 43000 40200 40200 39600 39600 39400 39400
54600 54600 44800 44800 44800 48000 48000 32800 32800 32800 42700 42700 45200 45200 45200 44000 44000 49000 38400 38400 38400 38400 38400 38400 38400 38400 38400 50300 50300 50300 50300 50300 54000 54600 54600 54600 54600 38800 38800 34200 29300 30700 33200 33200 33200 33200 33800 33800 48800 48800 48800 43600 43600 34000 39000 39000 39000 38400 38400 38400 46000 46000 38200 38200 38200 40400 40400 43000 43000 43000 43000 36200 36200 44000 39600 39600 38800
54600 54600 54600 54600 48000 48000 48000 32800 32800 32800 42700 42700 41300 41300 41300 44000 44000 38200 38200 41000 38400 38400 38400 38400 38400 38400 38400 50300 50300 50300 50300 50300 50300 38800 38800 38800 38800 38800 29300 29300 34200 34200 33000 33000 33200 37800 37800 35800 34400 36000 36000 43600 43600 43600 39000 39000 39000 39000 45600 45600 45600 40600 40000 40000 40000 40000 38200 38200 43000 36200 36200 36200 41200 41200 44000 44400 44400
49200 58000 53600 53600 53600 53600 50600 50600 54000 45200 45200 45200 41300 41300 41300 44000 44000 38200 38200 41000 41000 42800 38400 38400 38400 38400 38400 50300 50300 50300 50300 50300 50300 50300 38800 38800 38800 29300 29300 29300 29300 40200 40200 40200 33000 33000 33600 30800 35800 34400 34400 36000 36000 43600 42000 42000 39000 39000 36400 36400 45600 48000 40600 40600 40600 46400 46400 46400 36200 36200 36200 38800 38800 36000 42800 42800 42800
49400 49200 29300 29300 53600 50600 50600 50600 54000 54000 54000 54000 45200 41300 41300 36800 36800 36800 34800 41000 41600 41600 38400 38400 38400 36800 44200 44200 50300 50300 50300 50300 50300 50300 37800 37800 37800 37800 37800 29300 36000 36000 40200 40200 40200 38600 32800 33600 30800 28700 28700 33600 33600 37600 42000 42000 39400 39400 39400 39400 46800 48000 48000 57000 57000 57000 46400 40200 40200 44200 44200 44200 43600 43600 42200 36000 39200
49400 49400 51400 51400 50600 50600 50600 33400 33400 54000 54000 54000 41300 41300 41300 36800 36800 36800 36800 34800 40200 40200 38400 38400 38400 40000 44200 44200 44200 44000 44000 44000 40200 40200 40200 38400 38400 38400 37800 36600 36600 36600 36000 36000 36000 37600 38600 38600 36000 29700 29700 28700 41600 41600 37600 37600 43000 43000 43000 43000 46800 46800 46800 41000 41000 57000 57000 42000 40200 36800 36800 36800 44200 44200 42200 42200 47000
47000 51400 51400 51400 93200 50600 50600 48700 48700 33400 33400 33400 41300 41300 36800 36800 36800 36800 36800 36800 36800 40200 36600 36600 36600 40000 40000 40000 47800 44000 44000 44000 44400 48000 40200 38400 38400 38400 47600 47600 36600 36600 39800 42400 42400 33600 35800 33600 33600 33600 33600 38000 34000 34600 35800 35800 35800 43200 43200 47400 47400 47400 50800 41400 41400 41000 41000 42000 44200 44200 47800 47800 46800 46800 31800 31800 36200
60000 60000 51400 51400 93200 93200 48700 48700 39400 34200 34200 34200 41300 41300 36800 36800 36800 36800 36800 36800 36800 36800 36800 36600 36600 37600 37600 37600 47800 47800 47800 48400 44400 48000 74800 74800 40600 40600 47600 44400 47600 36600 39600 39800 39800 42400 42400 40000 33600 33600 33600 40800 38000 34000 35000 35800 35800 35800 40800 41200 41200 45800 46200 46200 46200 43200 50800 42000 42000 37000 47800 47800 47800 40000 40000 41200 39600
60000 60000 54600 54600 54600 93200 36600 36600 36600 34200 34200 34200 34200 39600 39600 39600 39600 39600 36800 36800 36800 36800 36800 37600 37600 37600 37600 31300 31300 31300 31300 41600 48400 42000 42000 74800 40600 40600 48800 44400 44400 34800 34800 39600 39600 39600 39800 40000 40000 50800 44400 44400 44400 48100 35000 35000 38400 38400 38400 38400 40800 45400 45800 45800 45800 43200 42000 42000 42000 42600 47800 47800 38000 38000 42400 42400 28300
60000 60000 54600 54600 54600 43800 43800 36600 36600 34200 34200 34200 34200 39600 39600 39600 39600 39600 33600 33600 33800 36800 36800 36800 36800 36800 39400 0 0 45200 45200 45200 41600 44800 42000 40400 40400 40400 48800 48800 48800 47000 47000 34800 34800 68000 68000 40000 45600 44400 50800 50800 50800 48100 48100 35000 37800 37800 37800 38400 42200 45200 45400 45400 45400 45800 42000 42000 42600 42600 42600 42600 42600 38000 42400 42400 42400
31300 46400 46400 46400 46400 39200 43800 43800 34200 34200 34200 34200 39600 39600 39600 39600 32800 32800 33600 33600 33800 33800 35400 35400 35400 35400 39400 39400 39400 45000 45000 45000 56400 45400 45400 45400 36800 36800 36200 44000 34400 34400 43000 43400 43400 44400 44400 68000 48800 45600 44400 44400 49400 40000 48100 38000 42400 37800 37800 45500 41200 42200 42200 42200 42200 34200 34200 42000 42600 42600 42600 42600 42600 42600 42600 42400 42400
31300 36400 46400 39200 39200 39200 39200 39200 34200 34200 34200 34200 39600 39600 39600 39600 32800 32800 32800 28100 33800 33800 35400 35400 35400 34800 34800 34800 44600 44600 45600 45600 56400 56400 42200 45400 42000 51600 51600 47200 44000 38800 37800 43400 43400 30800 30800 49800 49800 49800 48600 48600 48600 40200 41600 43000 48000 52000 52000 42000 42000 45500 41200 42200 39800 39800 38600 38600 42600 42600 42600 42600 41600 41600 41600 41600 42400
35700 35700 35700 29550 29550 29550 29550 39200 34200 34200 34200 34200 39600 39600 39600 39600 27700 27700 32800 28100 28100 31200 31200 35400 35400 34800 34800 34800 34800 34800 45600 45600 45600 45000 42200 42200 42600 42600 42600 40800 47200 52000 38300 38300 38300 37800 37800 36800 36800 48800 48800 48800 48800 52200 52200 41600 42200 42200 42200 52000 45500 45500 45500 45500 45500 45500 45800 45800 45200 41600 42200 42200 38800 41600 41600 41600 54200
35700 35700 39000 39000 39000 39000 34700 37200 34200 34200 39600 39600 39600 39600 39600 39600 39600 32200 32200 32200 30300 30300 31200 34800 34800 34800 34800 41200 41200 41200 41200 41200 41200 0 45000 40400 40400 42600 42600 55200 55200 52000 52000 41800 41800 41800 44800 44800 42400 36800 48800 48800 48800 50600 50600 52200 40400 40400 40400 42200 45500 45500 45500 45500 45500 45500 45500 41600 45200 49800 42200 42200 42200 38800 39200 41200 35000
30200 30200 36600 36600 36600 34700 34700 37200 37200 37200 37200 37200 37200 39600 39600 39600 39600 32200 32200 32200 30300 30300 34800 34800 34800 34800 34800 34800 34800 34800 41200 41200 0 0 0 0 40400 51000 51000 51000 54800 54800 54800 44800 41800 41800 32600 44800 46400 42400 36800 36800 49000 50600 50600 38100 39800 39800 39800 40800 37400 37400 58700 45500 45500 45500 45500 41600 41600 45200 45200 49800 49800 39200 47200 43000 42200
34200 34200 34200 30200 30200 34700 34700 37200 37200 37200 37200 37200 37200 37200 37200 37200 37200 37200 37200 37200 32200 32200 34800 34800 34800 34800 34800 34800 34800 34800 34800 34800 0 0 0 0 0 0 0 0 65300 65300 65300 48600 42600 42600 42600 42600 41400 41400 34800 49000 49000 49000 50600 38100 38100 37800 37800 37800 37800 58700 58700 58700 58700 58700 55200 55200 45200 41600 46000 49800 49800 34800 47200 47200 47200
34200 34200 37000 37000 37000 37000 37000 37200 37200 37200 37200 37200 37200 37200 37200 37200 37200 37200 37200 37200 37200 37200 25700 25700 34800 34800 34800 34800 34800 34800 0 0 0 0 0 0 0 0 0 65300 65300 65300 49200 48600 48600 48600 48600 47800 47800 45400 45400 34800 34800 46400 46400 40800 44000 44000 44000 45000 42200 58700 58700 53800 53800 53800 48800 51000 55200 55200 46000 46000 46000 34800 50000 50000 54800
0 0 30400 33800 34400 34400 37200 37200 37200 37200 37200 37200 37200 37200 37200 37200 37200 37200 37200 37200 37200 25500 25700 25700 26850 26850 26850 26850 26800 26800 0 0 0 0 0 0 0 0 0 65300 65300 65300 60700 49200 46200 46200 48400 48400 47800 39200 49600 45400 45400 43000 43000 46400 45400 45400 44000 44000 42200 42200 50700 50700 53800 53800 53800 53800 53800 48800 53000 53000 53000 53300 45400 42800 38000
29640 29640 34600 34600 0 0 37200 37200 37200 37200 37200 37200 37200 37200 37200 37200 37200 37200 37200 37200 25600 25200 23000 25600 30200 30200 0 28600 28600 26800 25520 25520 25520 25520 25520 0 0 0 65300 65300 65300 60700 60700 60700 60700 60700 46200 46200 45500 45500 39200 42600 42600 42600 43000 44600 45400 45400 44000 44000 44000 44000 50700 50700 50700 50700 50700 53800 48800 48800 44000 46000 46000 53300 53300 38000 38000
