Datasets/avgincome.asc
ncols         383
nrows         239
xllcorner     -73.976723696231
yllcorner     45.396293541168
cellsize      0.0013089085639051
NODATA_value  -9999
[rows 204 to 237 of 239, columns 0 to 76 of 383]
-9999 -9999 -9999 -9999 -9999 -9999 94800 94800 -9999 94800 94800 94800 94800 94800 94800 94800 94800 94800 94800 94800 94800 94800 94800 94800 94800 94800 94800 94800 94800 94800 94800 94800 94800 94800 94800 94800 94800 94800 94800 52500 52500 52500 52500 52500 52500 52500 52500 52500 52500 52500 52500 52500 52500 52500 52500 52500 47200 60400 55800 55800 55800 53900 53900 53900 53900 59800 59800 59800 59800 59800 59800 59800 57000 57000 57000 57000 57000
-9999 -9999 -9999 -9999 -9999 -9999 -9999 94800 94800 94800 94800 94800 94800 94800 94800 94800 94800 94800 94800 94800 94800 94800 94800 94800 94800 94800 94800 94800 94800 94800 94800 94800 94800 94800 94800 94800 52500 50800 52500 52500 52500 52500 52500 52500 52500 52500 52500 52500 52500 52500 52500 52500 52500 52500 52500 52500 52500 47200 47200 47200 47200 53900 53900 53900 53900 59800 59800 59800 59800 59800 57000 57000 57000 57000 57000 57000 57000
-9999 -9999 -9999 -9999 -9999 94800 94800 94800 94800 94800 94800 94800 94800 94800 94800 94800 94800 94800 94800 94800 94800 94800 94800 94800 94800 94800 94800 94800 94800 94800 94800 94800 94800 94800 52500 52500 50800 50800 52500 52500 52500 52500 52500 52500 52500 52500 52500 52500 52500 52500 52500 52500 52500 52500 52500 52500 52500 60400 47200 47200 53900 53900 53900 53900 53900 53900 59800 57000 57000 57000 57000 57000 74800 74800 57000 57000 57000
-9999 -9999 -9999 -9999 94800 94800 94800 94800 94800 94800 94800 94800 94800 94800 94800 94800 94800 94800 94800 94800 94800 94800 94800 94800 52500 94800 52500 52500 52500 52500 52500 52500 52500 52500 50800 50800 50800 51200 51200 52500 52500 52500 52500 52500 52500 52500 52500 52500 52500 52500 52500 52500 52500 52500 52500 52500 52500 60400 47200 53900 53900 53900 53900 53900 53900 53900 57000 57000 57000 57000 57000 57000 57000 74800 74800 74800 74800
-9999 -9999 -9999 94800 94800 94800 94800 94800 94800 94800 94800 94800 94800 94800 94800 94800 94800 94800 94800 94800 94800 94800 94800 52500 52500 52500 52500 52500 52500 52500 52500 52500 52500 52500 52500 52500 51200 51200 51200 51200 52500 52500 52500 52500 52500 52500 52500 52500 52500 52500 52500 52500 52500 52500 52500 52500 52500 52500 53900 72200 72200 72200 72200 57000 57000 57000 57000 72200 74500 74500 74500 57000 57000 74800 82800 82800 82800
-9999 -9999 -9999 94800 94800 94800 94800 94800 94800 94800 94800 94800 94800 94800 94800 94800 94800 94800 94800 94800 94800 94800 94800 52500 52500 52500 52500 52500 52500 52500 52500 52500 52500 52500 52500 52500 51200 51200 51200 52500 52500 52500 52500 52500 52500 52500 52500 52500 52500 52500 52500 52500 52500 52500 52500 52500 52500 58200 72200 72200 72200 72200 72200 72200 72200 72200 72200 72200 72200 72200 74500 74500 74800 74800 82800 56000 56000
-9999 -9999 -9999 94800 94800 94800 94800 94800 94800 94800 94800 94800 94800 94800 94800 94800 94800 94800 94800 94800 94800 94800 52500 52500 52500 52500 52500 52500 52500 52500 52500 52500 52500 52500 52500 52500 51200 51200 52500 52500 52500 52500 52500 52500 52500 52500 52500 52500 52500 52500 52500 52500 52500 52500 52500 52500 58200 58200 72200 72200 72200 72200 72200 72200 72200 72200 72200 72200 72200 72200 72200 74500 72200 74800 82800 82800 82800
-9999 -9999 -9999 94800 94800 94800 94800 94800 94800 94800 94800 94800 94800 94800 94800 94800 94800 94800 94800 52500 52500 52500 52500 52500 52500 52500 52500 52500 52500 52500 52500 52500 52500 52500 52500 52500 52500 51200 52500 52500 52500 52500 52500 52500 52500 52500 52500 52500 52500 52500 52500 52500 52500 58200 58200 58200 58200 58200 72200 72200 72200 72200 72200 72200 72200 72200 72200 72200 72200 72200 72200 72200 72200 47000 47000 47000 47000
-9999 -9999 94800 94800 94800 94800 94800 94800 94800 94800 94800 94800 94800 94800 94800 94800 94800 94800 52500 52500 52500 52500 52500 52500 52500 52500 52500 52500 52500 52500 52500 52500 52500 52500 52500 52500 52500 52500 52500 52500 52500 52500 52500 52500 52500 52500 52500 52500 52500 52500 52500 52500 58200 58200 58200 58200 58200 58200 58200 72200 72200 72200 72200 72200 72200 72200 72200 72200 72200 72200 72200 72200 72200 47000 47000 47000 47000
-9999 -9999 94800 94800 94800 94800 94800 94800 94800 94800 94800 94800 94800 94800 94800 94800 94800 52500 52500 52500 52500 52500 52500 52500 52500 52500 52500 52500 52500 52500 52500 52500 52500 52500 52500 52500 52500 52500 52500 52500 52500 52500 52500 52500 52500 52500 52500 52500 58200 58200 58200 58200 58200 58200 58200 58200 58200 58200 58200 72200 72200 72200 72200 72200 72200 72200 72200 72200 72200 72200 72200 72200 72200 72200 47000 47000 47000
-9999 -9999 94800 94800 94800 94800 94800 94800 94800 94800 94800 94800 94800 94800 94800 94800 52500 52500 52500 52500 52500 52500 52500 52500 52500 52500 52500 52500 52500 52500 52500 52500 52500 52500 52500 52500 52500 52500 52500 52500 52500 52500 52500 52500 52500 52500 52500 58200 58200 58200 58200 58200 58200 58200 58200 58200 58200 58200 58200 72200 72200 72200 72200 72200 72200 72200 72200 72200 72200 72200 72200 57000 54200 54200 54200 54200 54200
-9999 -9999 94800 94800 94800 94800 94800 94800 94800 94800 94800 94800 94800 94800 52500 52500 52500 52500 52500 52500 52500 52500 52500 52500 52500 52500 52500 52500 52500 52500 52500 52500 52500 52500 52500 52500 52500 52500 52500 52500 52500 52500 52500 52500 52500 52500 58200 58200 58200 58200 58200 58200 58200 58200 58200 58200 58200 58200 58200 72200 72200 72200 72200 72200 72200 72200 52800 52800 52800 57000 57000 57000 57000 63200 63200 63200 63200
-9999 94800 94800 94800 94800 94800 94800 94800 94800 94800 94800 94800 94800 94800 94800 94800 52500 52500 52500 52500 52500 52500 52500 52500 52500 52500 52500 52500 52500 52500 52500 52500 52500 52500 52500 52500 52500 52500 52500 52500 52500 52500 52500 52500 52500 58200 58200 58200 58200 58200 58200 58200 58200 58200 58200 58200 58200 58200 58200 58200 72200 52800 52800 52800 52800 52800 52800 52800 57000 57000 57000 57000 57000 63200 63200 63200 63200
-9999 -9999 -9999 -9999 -9999 94800 94800 94800 94800 94800 94800 94800 94800 94800 94800 94800 94800 52500 52500 52500 52500 52500 52500 52500 52500 52500 52500 52500 52500 52500 52500 52500 52500 52500 52500 52500 52500 52500 52500 52500 52500 58200 58200 58200 58200 58200 58200 58200 58200 58200 58200 58200 58200 58200 58200 58200 58200 58200 58200 58200 52800 52800 52800 52800 52800 52800 52800 52800 52800 57000 57000 57000 57000 63200 63200 63200 63200
-9999 -9999 -9999 -9999 -9999 94800 94800 94800 94800 94800 94800 94800 94800 94800 94800 94800 94800 52500 52500 52500 52500 52500 52500 52500 52500 52500 52500 52500 52500 52500 52500 52500 52500 52500 52500 52500 52500 52500 52500 52500 58200 58200 58200 58200 58200 58200 58200 58200 58200 58200 58200 58200 58200 58200 58200 58200 58200 58200 58200 58200 75600 75600 52800 52800 52800 52800 52800 52800 52800 57000 57000 57000 57000 63200 63200 63200 62600
-9999 94800 94800 94800 -9999 94800 94800 94800 94800 94800 94800 94800 94800 94800 94800 94800 94800 94800 52500 52500 52500 52500 52500 52500 52500 52500 52500 52500 52500 52500 52500 52500 52500 52500 52500 52500 52500 52500 58200 58200 58200 58200 58200 58200 58200 58200 58200 58200 58200 58200 58200 58200 58200 57800 57800 58200 58200 58200 58200 58200 75600 75600 75600 75600 52800 52800 64400 64400 64400 57000 57000 57000 57000 57000 62600 62600 62600
-9999 -9999 -9999 -9999 -9999 94800 94800 51400 51400 51400 51400 51400 51400 51400 51400 51400 51400 51400 51400 52500 52500 52500 52500 52500 52500 52500 52500 52500 52500 52500 52500 52500 52500 52500 52500 52500 52500 58200 58200 58200 58200 58200 58200 58200 58200 58200 58200 58200 58200 58200 58200 57800 57800 57800 57800 57800 58200 58200 58200 58200 81600 75600 75600 75600 75600 64400 64400 64400 64400 57000 57000 57000 57000 57000 62600 62600 108400
-9999 -9999 -9999 -9999 -9999 -9999 94800 94800 51400 51400 51400 51400 51400 51400 51400 51400 51400 51400 51400 52500 52500 52500 52500 52500 52500 52500 52500 52500 52500 52500 52500 52500 52500 52500 58200 58200 58200 58200 58200 58200 58200 58200 58200 58200 58200 58200 58200 58200 59200 57800 57800 57800 57800 57800 57800 57800 58200 58200 81600 81600 81600 75600 75600 75600 75600 64400 64400 64400 64400 64400 64400 88400 88400 88400 108400 108400 108400
-9999 -9999 -9999 -9999 -9999 94800 -9999 94800 94800 94800 51400 51400 51400 51400 51400 51400 51400 51400 51400 51400 52500 52500 52500 52500 52500 52500 52500 52500 52500 52500 52500 52500 52500 52500 58200 58200 58200 58200 58200 58200 58200 58200 58200 58200 58200 58200 59200 59200 59200 57800 57800 57800 51400 81600 81600 81600 81600 81600 81600 81600 81600 75600 75600 75600 75600 75600 64400 64400 88400 88400 88400 88400 88400 88400 88400 108400 108400
-9999 -9999 -9999 -9999 -9999 -9999 -9999 -9999 -9999 -9999 94800 51400 51400 51400 51400 51400 51400 51400 51400 51400 52500 52500 52500 52500 52500 52500 52500 52500 52500 52500 52500 52500 52500 52500 58200 58200 58200 58200 58200 58200 58200 58200 58200 58200 59200 59200 59200 59200 59200 57800 57800 51400 51400 81600 81600 81600 81600 81600 81600 81600 81600 75600 88400 64400 64400 64400 64400 88400 88400 88400 88400 88400 88400 88400 88400 -9999 -9999
-9999 -9999 -9999 -9999 -9999 -9999 -9999 -9999 94800 -9999 94800 94800 51400 51400 51400 51400 51400 51400 51400 51400 0 52500 52500 52500 52500 52500 52500 52500 52500 52500 52500 52500 52500 52500 58200 58200 58200 58200 58200 58200 58200 58200 59200 59200 59200 59200 59200 59200 51400 51400 51400 51400 51400 81600 81600 81600 81600 81600 81600 81600 81600 81600 88400 88400 88400 64400 88400 88400 88400 88400 -9999 -9999 -9999 88400 88400 -9999 -9999
-9999 -9999 -9999 -9999 -9999 -9999 -9999 -9999 -9999 -9999 94800 94800 94800 94800 94800 51400 51400 51400 51400 51400 51400 0 52500 52500 52500 52500 52500 52500 52500 52500 52500 52500 52500 52500 58200 58200 58200 58200 58200 62000 59200 59200 59200 59200 59200 59200 51400 51400 51400 51400 51400 51400 51400 51400 81600 81600 81600 81600 81600 81600 81600 96000 -9999 -9999 -9999 -9999 -9999 -9999 -9999 -9999 -9999 -9999 -9999 -9999 -9999 -9999 -9999
-9999 -9999 -9999 -9999 -9999 -9999 -9999 -9999 -9999 -9999 -9999 -9999 94800 94800 94800 94800 94800 51400 51400 51400 0 0 52500 52500 52500 52500 52500 52500 52500 52500 52500 52500 52500 52500 58200 58200 62000 62000 62000 62000 62000 62000 59200 59200 59200 59200 51400 51400 51400 51400 51400 51400 51400 51400 81600 96000 81600 81600 96000 96000 96000 -9999 -9999 -9999 -9999 -9999 -9999 -9999 -9999 -9999 -9999 -9999 -9999 -9999 -9999 -9999 -9999
-9999 -9999 -9999 -9999 -9999 -9999 -9999 -9999 -9999 -9999 -9999 -9999 94800 94800 94800 51400 51400 51400 51400 54000 0 0 0 0 52500 52500 52500 52500 52500 52500 52500 52500 52500 52500 58200 58200 62000 62000 62000 62000 62000 62000 59200 59200 59200 59200 59200 51400 51400 51400 51400 51400 -9999 -9999 -9999 -9999 -9999 -9999 -9999 -9999 -9999 -9999 -9999 -9999 -9999 -9999 -9999 -9999 -9999 -9999 -9999 -9999 -9999 -9999 -9999 -9999 -9999
-9999 -9999 -9999 -9999 -9999 -9999 -9999 -9999 -9999 -9999 -9999 -9999 -9999 94800 94800 51400 51400 51400 51400 54000 0 0 0 0 52500 52500 52500 52500 52500 52500 52500 52500 52500 52500 58200 58200 62000 62000 62000 62000 62000 62000 59200 96000 96000 96000 96000 51400 51400 -9999 -9999 -9999 -9999 -9999 -9999 -9999 -9999 -9999 -9999 -9999 -9999 -9999 -9999 -9999 -9999 -9999 -9999 -9999 -9999 -9999 -9999 -9999 -9999 -9999 -9999 -9999 -9999
-9999 -9999 -9999 -9999 -9999 -9999 -9999 -9999 -9999 -9999 -9999 -9999 -9999 -9999 94800 51400 51400 51400 54000 54000 0 0 0 0 52500 52500 52500 52500 52500 52500 52500 52500 52500 58200 58200 62000 62000 62000 62000 62000 96000 96000 96000 96000 96000 96000 96000 96000 -9999 -9999 -9999 -9999 -9999 -9999 -9999 -9999 -9999 -9999 -9999 -9999 -9999 -9999 -9999 -9999 -9999 -9999 -9999 -9999 -9999 -9999 -9999 -9999 -9999 -9999 -9999 -9999 -9999
-9999 -9999 -9999 -9999 -9999 -9999 -9999 -9999 -9999 -9999 -9999 -9999 -9999 -9999 -9999 54000 54000 54000 54000 54000 36800 36800 52200 52200 52200 52500 52500 52500 52500 52500 52500 52500 52500 58200 58200 62000 62000 62000 96000 96000 96000 96000 96000 96000 96000 96000 96000 -9999 -9999 -9999 -9999 -9999 -9999 -9999 -9999 -9999 -9999 -9999 -9999 -9999 -9999 -9999 -9999 -9999 -9999 -9999 -9999 -9999 -9999 -9999 -9999 -9999 -9999 -9999 -9999 -9999 -9999
-9999 -9999 -9999 -9999 -9999 -9999 -9999 -9999 -9999 -9999 -9999 -9999 -9999 -9999 54000 54000 54000 54000 35400 35400 36800 36800 52200 52200 52200 52500 52500 52500 52500 52500 52500 52500 52500 58200 58200 62000 96000 96000 96000 96000 96000 96000 96000 -9999 -9999 -9999 -9999 -9999 -9999 -9999 -9999 -9999 -9999 -9999 -9999 -9999 -9999 -9999 -9999 -9999 -9999 -9999 -9999 -9999 -9999 -9999 -9999 -9999 -9999 -9999 -9999 -9999 -9999 -9999 -9999 -9999 -9999
-9999 -9999 -9999 -9999 -9999 -9999 -9999 -9999 -9999 -9999 -9999 -9999 -9999 -9999 -9999 54000 54000 54000 35400 35400 36800 36800 36800 52200 52200 52500 52500 52500 52500 52500 52500 52500 52500 96000 96000 96000 96000 96000 96000 96000 96000 96000 96000 -9999 -9999 -9999 -9999 -9999 -9999 -9999 -9999 -9999 -9999 -9999 -9999 -9999 -9999 -9999 -9999 -9999 -9999 -9999 -9999 -9999 -9999 -9999 -9999 -9999 -9999 -9999 -9999 -9999 -9999 -9999 -9999 -9999 -9999
-9999 -9999 -9999 -9999 -9999 -9999 -9999 -9999 -9999 -9999 -9999 -9999 -9999 -9999 -9999 -9999 -9999 -9999 35400 35400 35400 35400 52200 52200 52200 52200 52500 52500 52500 -9999 -9999 -9999 -9999 -9999 -9999 96000 96000 96000 96000 -9999 96000 -9999 -9999 -9999 -9999 -9999 -9999 -9999 -9999 -9999 -9999 -9999 -9999 -9999 -9999 -9999 -9999 -9999 -9999 -9999 -9999 -9999 -9999 -9999 -9999 -9999 -9999 -9999 -9999 -9999 -9999 -9999 -9999 -9999 -9999 -9999 -9999
-9999 -9999 -9999 -9999 -9999 -9999 -9999 -9999 -9999 -9999 -9999 -9999 -9999 -9999 -9999 -9999 -9999 -9999 -9999 -9999 35400 35400 35400 35400 35400 35400 -9999 -9999 -9999 -9999 -9999 -9999 -9999 -9999 -9999 -9999 -9999 -9999 -9999 -9999 -9999 -9999 -9999 -9999 -9999 -9999 -9999 -9999 -9999 -9999 -9999 -9999 -9999 -9999 -9999 -9999 -9999 -9999 -9999 -9999 -9999 -9999 -9999 -9999 -9999 -9999 -9999 -9999 -9999 -9999 -9999 -9999 -9999 -9999 -9999 -9999 -9999
-9999 -9999 -9999 -9999 -9999 -9999 -9999 -9999 -9999 -9999 -9999 -9999 -9999 -9999 -9999 -9999 -9999 -9999 -9999 -9999 -9999 -9999 -9999 -9999 -9999 -9999 -9999 -9999 -9999 -9999 -9999 -9999 -9999 -9999 -9999 -9999 -9999 -9999 -9999 -9999 -9999 -9999 -9999 -9999 -9999 -9999 -9999 -9999 -9999 -9999 -9999 -9999 -9999 -9999 -9999 -9999 -9999 -9999 -9999 -9999 -9999 -9999 -9999 -9999 -9999 -9999 -9999 -9999 -9999 -9999 -9999 -9999 -9999 -9999 -9999 -9999 -9999
-9999 -9999 -9999 -9999 -9999 -9999 -9999 -9999 -9999 -9999 -9999 -9999 -9999 -9999 -9999 -9999 -9999 -9999 -9999 -9999 -9999 -9999 -9999 -9999 -9999 -9999 -9999 -9999 -9999 -9999 -9999 -9999 -9999 -9999 -9999 -9999 -9999 -9999 -9999 -9999 -9999 -9999 -9999 -9999 -9999 -9999 -9999 -9999 -9999 -9999 -9999 -9999 -9999 -9999 -9999 -9999 -9999 -9999 -9999 -9999 -9999 -9999 -9999 -9999 -9999 -9999 -9999 -9999 -9999 -9999 -9999 -9999 -9999 -9999 -9999 -9999 -9999
-9999 -9999 -9999 -9999 -9999 -9999 -9999 -9999 -9999 -9999 -9999 -9999 -9999 -9999 -9999 -9999 -9999 -9999 -9999 -9999 -9999 -9999 -9999 -9999 -9999 -9999 -9999 -9999 -9999 -9999 -9999 -9999 -9999 -9999 -9999 -9999 -9999 -9999 -9999 -9999 -9999 -9999 -9999 -9999 -9999 -9999 -9999 -9999 -9999 -9999 -9999 -9999 -9999 -9999 -9999 -9999 -9999 -9999 -9999 -9999 -9999 -9999 -9999 -9999 -9999 -9999 -9999 -9999 -9999 -9999 -9999 -9999 -9999 -9999 -9999 -9999 -9999
