Datasets/avgincome.asc
ncols         383
nrows         239
xllcorner     -73.976723696231
yllcorner     45.396293541168
cellsize      0.0013089085639051
NODATA_value  -9999
[rows 170 to 203 of 239, columns 154 to 230 of 383]
37600 37600 37600 37600 37600 37600 37600 65400 65400 65400 65400 65400 65400 65400 65400 65400 65400 65400 65400 65400 65400 65400 65400 65400 65400 65400 65400 65400 65400 50800 50800 50800 50800 50800 50800 50800 50800 50800 50800 50800 50800 50800 50800 50800 50800 50800 50800 50800 50800 50800 50800 50800 50800 50800 50800 50800 50800 50800 50800 50800 50800 50800 50800 50800 50800 50800 50800 50800 50800 50800 50800 50800 47000 47000 47000 0 0
37600 37600 37600 37600 37600 37600 65400 65400 65400 65400 65400 65400 65400 65400 65400 65400 65400 65400 65400 65400 65400 65400 65400 65400 65400 50800 50800 50800 50800 50800 50800 50800 50800 50800 50800 50800 50800 50800 50800 50800 50800 50800 50800 50800 50800 50800 50800 50800 50800 50800 50800 50800 50800 50800 50800 50800 50800 50800 50800 50800 50800 50800 50800 50800 50800 50800 50800 50800 50800 50800 50800 50800 50800 50800 50800 0 0
37600 37600 37600 65400 65400 65400 65400 65400 65400 65400 65400 65400 65400 65400 65400 65400 65400 65400 65400 65400 65400 65400 65400 65400 50800 50800 50800 50800 50800 50800 50800 50800 50800 50800 50800 50800 50800 50800 50800 50800 50800 50800 50800 50800 50800 50800 50800 50800 50800 50800 50800 50800 50800 50800 50800 50800 50800 50800 50800 50800 50800 50800 50800 50800 50800 50800 50800 50800 50800 50800 50800 50800 50800 50800 50800 0 0
37600 65400 65400 65400 65400 65400 65400 65400 65400 65400 65400 65400 65400 65400 65400 65400 65400 65400 65400 65400 65400 65400 50800 50800 50800 50800 50800 50800 50800 50800 50800 50800 50800 50800 50800 50800 50800 50800 50800 50800 50800 50800 50800 50800 50800 50800 50800 50800 50800 50800 50800 50800 50800 50800 50800 50800 50800 50800 50800 50800 50800 50800 50800 50800 50800 50800 50800 50800 50800 50800 50800 50800 50800 50800 50800 66000 66000
37600 37600 50800 50800 50800 65400 65400 65400 65400 65400 65400 65400 65400 65400 65400 65400 65400 65400 65400 65400 65400 50800 50800 50800 50800 50800 50800 50800 50800 50800 50800 50800 50800 50800 50800 50800 50800 41400 41400 41400 41400 41400 50800 50800 50800 50800 50800 50800 50800 50800 50800 50800 50800 50800 50800 50800 50800 50800 50800 50800 50800 50800 50800 50800 50800 50800 50800 50800 50800 50800 50800 50800 50800 50800 50800 66000 66000
37600 37600 37600 50800 50800 50800 50800 65400 65400 65400 65400 65400 65400 65400 65400 65400 65400 50800 50800 50800 50800 50800 50800 50800 50800 50800 50800 50800 50800 50800 50800 50800 50800 50800 50800 50800 50800 41400 41400 41400 41400 41400 41400 41400 50800 50800 50800 50800 50800 50800 50800 50800 50800 50800 50800 50800 50800 50800 50800 50800 50800 50800 50800 50800 50800 50800 50800 50800 50800 50800 50800 50800 50800 66000 66000 66000 66000
37600 37600 37600 37600 37600 37600 37600 50800 65400 65400 65400 50800 50800 50800 50800 50800 50800 50800 50800 50800 50800 50800 50800 50800 50800 50800 50800 50800 50800 50800 50800 50800 50800 50800 50800 50800 41400 41400 41400 41400 41400 41400 41400 41400 41400 50800 50800 50800 50800 50800 50800 50800 50800 50800 50800 50800 50800 50800 50800 50800 50800 50800 50800 50800 50800 50800 50800 50800 50800 50800 50800 50800 50800 66000 66000 66000 66000
37600 37600 37600 37600 37600 37600 37600 50800 50800 50800 50800 50800 50800 50800 50800 50800 50800 50800 50800 50800 50800 50800 50800 50800 50800 50800 50800 50800 50800 50800 50800 50800 50800 50800 50800 41400 41400 41400 41400 41400 41400 41400 41400 41400 41400 41400 50800 50800 50800 50800 50800 50800 50800 50800 50800 50800 50800 50800 50800 50800 50800 50800 50800 50800 50800 50800 50800 50800 50800 50800 50800 50800 50800 66000 66000 66000 66000
37600 37600 37600 37600 37600 50800 50800 50800 50800 50800 50800 50800 50800 50800 50800 50800 50800 50800 50800 50800 50800 50800 50800 50800 50800 50800 50800 50800 50800 50800 50800 50800 41400 41400 41400 41400 41400 41400 41400 41400 41400 41400 41400 41400 41400 41400 41400 41400 50800 50800 50800 50800 50800 50800 50800 50800 50800 50800 50800 50800 50800 50800 50800 50800 50800 50800 50800 50800 50800 50800 50800 50800 50800 43000 43000 66000 66000
37600 37600 37600 37600 37600 50800 50800 50800 50800 50800 50800 50800 50800 50800 50800 50800 50800 50800 50800 50800 50800 50800 50800 50800 50800 50800 50800 50800 50800 50800 50800 41400 41400 41400 41400 41400 41400 41400 41400 41400 41400 41400 41400 41400 41400 41400 41400 41400 41400 41400 50800 50800 50800 50800 50800 50800 50800 50800 50800 50800 50800 50800 50800 50800 50800 50800 50800 50800 50800 50800 50800 50800 50800 43000 43000 43000 43000
37600 37600 37600 37600 37600 37600 50800 50800 50800 50800 50800 50800 50800 50800 50800 50800 50800 50800 50800 50800 50800 50800 50800 50800 50800 50800 50800 50800 50800 50800 41400 41400 41400 41400 41400 41400 41400 41400 41400 41400 41400 41400 41400 41400 41400 41400 41400 41400 41400 41400 36800 36800 50800 50800 50800 50800 50800 50800 50800 50800 50800 50800 50800 50800 50800 50800 50800 50800 50800 50800 50800 50800 43000 43000 43000 43000 43000
37600 37600 37600 37600 37600 37600 37600 37600 50800 50800 50800 50800 50800 50800 50800 50800 50800 50800 50800 50800 50800 50800 50800 50800 50800 50800 50800 50800 50800 50800 41400 41400 41400 41400 41400 41400 41400 41400 41400 41400 41400 41400 41400 41400 41400 41400 41400 41400 41400 41400 36800 36800 36800 50800 50800 50800 50800 50800 50800 50800 50800 50800 50800 50800 50800 50800 50800 50800 50800 50800 50800 50800 43000 43000 43000 43000 43000
37600 37600 37600 37600 37600 37600 37600 37600 37600 50800 50800 50800 50800 50800 50800 50800 50800 50800 50800 50800 50800 50800 50800 50800 50800 50800 50800 50800 50800 41400 41400 41400 41400 41400 41400 41400 41400 41400 41400 41400 41400 41400 41400 41400 41400 41400 41400 41400 41400 36800 36800 36800 36800 36800 36800 50800 50800 50800 50800 50800 50800 50800 50800 36800 50800 50800 50800 50800 50800 50800 50800 50800 43000 43000 43000 43000 43000
37600 37600 37600 37600 37600 37600 37600 37600 37600 37600 50800 50800 50800 50800 50800 50800 50800 50800 50800 50800 50800 50800 50800 50800 50800 50800 41400 41400 41400 41400 41400 41400 41400 41400 41400 41400 41400 41400 41400 41400 41400 41400 41400 41400 41400 41400 41400 36800 36800 36800 36800 36800 36800 36800 36800 36800 50800 50800 50800 50800 50800 50800 50800 36800 36800 50800 50800 50800 50800 50800 50800 50800 43000 43000 43000 43000 43000
37600 37600 37600 37600 37600 37600 37600 37600 37600 37600 37600 50800 50800 50800 50800 50800 50800 50800 50800 50800 50800 50800 50800 50800 50800 41400 41400 41400 41400 41400 41400 41400 41400 41400 41400 41400 41400 41400 41400 41400 41400 41400 41400 41400 41400 36800 36800 36800 36800 36800 36800 36800 36800 36800 36800 36800 36800 36800 50800 50800 50800 50800 50800 36800 36800 36800 50800 50800 50800 50800 50800 43000 43000 43000 43000 43000 43000
37600 37600 37600 37600 37600 37600 37600 37600 37600 37600 37600 37600 50800 50800 50800 50800 50800 50800 50800 50800 50800 50800 50800 50800 41400 41400 41400 41400 41400 41400 41400 41400 41400 41400 41400 41400 41400 41400 41400 41400 41400 41400 41400 41400 36800 36800 36800 36800 36800 36800 36800 36800 36800 36800 36800 36800 36800 36800 36800 36800 50800 50800 50800 36800 36800 36800 36800 36800 36800 50800 50800 43000 43000 43000 43000 43000 43000
37600 37600 37600 37600 37600 37600 37600 37600 37600 37600 37600 41400 41400 41400 41400 50800 50800 50800 50800 50800 50800 50800 50800 41400 41400 41400 41400 41400 41400 41400 41400 41400 41400 41400 41400 41400 41400 41400 41400 41400 41400 41400 41400 36800 36800 36800 36800 36800 36800 36800 36800 36800 36800 36800 36800 36800 36800 36800 36800 36800 36800 50800 50800 36800 36800 36800 36800 36800 36800 36800 43000 43000 43000 43000 43000 43000 43000
37600 37600 37600 37600 37600 37600 37600 37600 37600 37600 37600 41400 41400 41400 41400 41400 41400 50800 50800 50800 50800 50800 41400 41400 41400 41400 41400 41400 41400 41400 41400 41400 41400 41400 41400 41400 41400 41400 41400 41400 41400 41400 36800 36800 36800 36800 36800 36800 36800 36800 36800 36800 36800 36800 36800 36800 36800 36800 36800 36800 36800 36800 36800 36800 36800 36800 36800 36800 36800 36800 43000 43000 43000 43000 43000 43000 43000
37600 37600 37600 37600 37600 37600 37600 37600 37600 37600 41400 41400 41400 41400 41400 41400 41400 41400 50800 50800 41400 41400 41400 41400 41400 41400 41400 41400 41400 41400 41400 41400 41400 41400 41400 41400 41400 41400 41400 36800 36800 36800 36800 36800 36800 36800 36800 36800 36800 36800 36800 36800 36800 36800 36800 36800 36800 36800 36800 36800 36800 36800 36800 36800 36800 36800 36800 36800 36800 36800 43000 43000 43000 43000 43000 43000 43000
37600 37600 37600 37600 37600 37600 37600 37600 37600 41400 41400 41400 41400 41400 41400 41400 41400 41400 41400 41400 41400 41400 41400 41400 41400 41400 41400 41400 41400 41400 41400 41400 41400 41400 41400 41400 41400 41400 36800 36800 36800 36800 36800 36800 36800 36800 36800 36800 36800 36800 36800 36800 36800 36800 36800 36800 36800 36800 36800 36800 36800 36800 36800 36800 36800 36800 36800 36800 43000 43000 43000 43000 43000 43000 43000 43200 43200
37600 37600 37600 37600 37600 37600 37600 41400 41400 41400 41400 41400 41400 41400 41400 41400 41400 41400 41400 41400 41400 41400 41400 41400 41400 41400 41400 41400 41400 41400 41400 41400 41400 41400 41400 41400 41400 41400 41400 36800 36800 36800 36800 36800 36800 36800 36800 36800 36800 36800 36800 36800 36800 36800 36800 36800 36800 36800 36800 36800 36800 36800 36800 36800 36800 36800 36800 36800 43400 43400 43400 43400 43400 43000 43400 43400 43400
37600 37600 37600 37600 37600 37600 37600 37600 37600 41400 41400 41400 41400 41400 41400 41400 41400 41400 41400 41400 41400 41400 41400 41400 41400 41400 41400 41400 41400 41400 41400 41400 41400 41400 41400 41400 41400 41400 41400 36800 36800 36800 36800 36800 36800 36800 36800 36800 36800 36800 36800 36800 36800 36800 36800 36800 36800 36800 36800 36800 36800 36800 36800 36800 36800 36800 36800 36800 43400 43400 43400 43400 43400 43400 43400 43400 43400
37600 37600 37600 37600 37600 37600 37600 37600 37600 41400 41400 41400 41400 41400 41400 41400 41400 41400 41400 41400 41400 41400 41400 41400 41400 41400 41400 41400 41400 41400 41400 41400 41400 41400 41400 41400 41400 41400 41400 36800 36800 36800 36800 36800 36800 36800 36800 36800 36800 36800 36800 36800 36800 36800 36800 36800 36800 36800 36800 36800 36800 36800 36800 36800 36800 36800 36800 36800 43400 43400 43400 43400 43400 43400 43400 43400 43400
37600 37600 37600 37600 37600 37600 37600 37600 37600 41400 41400 41400 41400 41400 41400 41400 41400 41400 41400 41400 41400 41400 41400 41400 41400 41400 41400 41400 41400 41400 41400 41400 41400 41400 41400 41400 41400 41400 41400 41400 36800 36800 36800 36800 36800 36800 36800 36800 36800 36800 36800 36800 36800 36800 36800 36800 36800 36800 36800 36800 36800 36800 36800 36800 36800 36800 36800 36800 43400 43400 43400 43400 43400 43400 43400 43400 43400
37600 37600 37600 37600 34600 34600 34600 41400 41400 41400 41400 41400 41400 41400 41400 41400 41400 41400 41400 41400 41400 41400 41400 41400 41400 41400 41400 41400 41400 41400 41400 41400 41400 41400 41400 41400 41400 41400 41400 41400 36800 36800 36800 36800 36800 36800 36800 36800 36800 36800 36800 36800 36800 36800 36800 36800 36800 36800 36800 36800 36800 36800 36800 36800 36800 36800 36800 36800 43400 43400 43400 43400 43400 43400 43400 43400 43400
42200 37800 37800 37800 34600 34600 34600 41400 41400 41400 41400 41400 41400 41400 41400 41400 41400 41400 41400 41400 41400 41400 41400 41400 41400 41400 41400 41400 41400 41400 41400 41400 41400 41400 41400 41400 41400 41400 41400 41400 36800 36800 36800 36800 36800 36800 36800 36800 36800 36800 36800 36800 36800 36800 36800 36800 36800 36800 36800 36800 36800 36800 36800 36800 36800 36800 36800 36800 36800 36800 36800 36800 36800 43400 43400 43400 43400
42200 42200 42200 37800 37800 37800 37800 41400 41400 41400 41400 41400 41400 41400 41400 41400 41400 41400 41400 41400 41400 41400 41400 41400 41400 41400 41400 41400 41400 41400 41400 41400 41400 41400 41400 41400 41400 41400 41400 41400 36800 36800 36800 36800 36800 36800 36800 36800 36800 36800 36800 36800 36800 36800 36800 36800 36800 36800 36800 36800 36800 36800 36800 36800 36800 36800 36800 36800 36800 36800 36800 36800 36800 36800 36800 36800 36800
42200 42200 42200 37800 37800 37800 37800 41400 41400 41400 41400 41400 41400 41400 41400 41400 41400 41400 41400 41400 41400 41400 41400 41400 41400 41400 41400 41400 41400 41400 41400 41400 41400 41400 41400 41400 41400 41400 41400 41400 41400 36800 36800 36800 36800 36800 36800 36800 36800 36800 36800 36800 36800 36800 36800 36800 36800 36800 36800 36800 36800 36800 36800 36800 36800 36800 36800 36800 36800 36800 36800 36800 36800 36800 36800 36800 36800
46400 46400 46400 46400 46400 46400 46400 46400 35200 35200 35200 35200 35200 35200 35200 35200 35200 35200 35200 35200 35200 35200 35200 35200 41400 41400 41400 41400 41400 41400 41400 47840 47840 41400 41400 41400 41400 41400 41400 41400 41400 36800 36800 36800 36800 36800 36800 36800 36800 36800 36800 36800 36800 36800 50200 50200 36800 36800 36800 36800 36800 36800 36800 36800 36800 36800 36800 36800 36800 36800 36800 36800 36800 36800 36800 36800 36800
46400 46400 46400 46400 46400 46400 41800 41800 42200 42200 42200 37200 37200 37200 49000 49000 49000 49000 49000 35200 35200 35200 35200 35200 35200 35200 47840 47840 47840 47840 47840 47840 47840 47840 47840 47840 47840 47840 47840 31300 35600 50200 55200 55200 50200 50200 50200 50200 50200 50200 50200 50200 50200 50200 50200 50200 57450 57450 57450 57450 57450 57450 36000 36000 36000 36000 36000 36000 36800 36800 36800 36800 36800 36800 36800 36800 36800
55200 55200 55200 46400 46400 46400 41800 41800 41800 41800 42200 42200 52000 52000 52000 49000 49000 49000 49000 35200 35200 35200 35200 35200 35200 35200 47840 38000 38000 38000 38000 38000 38000 47840 47840 47840 47840 47840 47840 31300 47840 35600 55200 55200 55200 55200 55200 55200 55200 49600 49600 49600 49600 49600 50200 50200 50200 50200 58400 57450 57450 57450 36000 53600 53600 53600 53600 36000 36800 36800 36800 23800 23800 23800 36800 34200 34200
55200 55200 55200 46400 46400 51200 41800 41800 51200 51200 42200 51200 51200 52000 49000 49000 49000 49000 49000 35200 40000 35200 35200 35200 35200 35200 38000 38000 38000 38000 38000 38000 38000 56800 56800 56800 56800 47840 47840 32000 47840 35600 50200 50200 55200 55200 55200 55200 55200 49600 49600 49600 49600 49600 50200 50200 50200 50200 58400 57450 57450 57450 36000 36000 36000 36000 36000 36000 30600 30600 30600 30600 30600 31400 31400 34200 34200
55200 112800 112800 112800 112800 112800 51200 51200 51200 51200 42200 51200 51200 51200 51200 51200 51200 51200 49200 49200 49200 40000 35200 35200 35200 35200 41800 41800 41800 41800 41800 47800 47800 47800 56800 56800 56800 56800 56800 56800 56800 58800 58800 58800 58800 49800 49800 49800 49800 54400 54400 54400 54400 58000 58000 58000 58000 58000 58400 57450 57450 57450 37800 37800 37800 36800 36800 32000 30600 30600 30600 30600 30600 31400 31400 37600 37600
55200 112800 112800 112800 112800 112800 51200 51200 51200 51200 51200 42200 51200 51200 51200 51200 51200 51200 49200 49200 49200 40000 40000 40000 40000 40000 40000 41800 41800 41800 41800 47800 47800 38600 38600 38600 56800 56800 56800 56800 56800 56800 58800 58800 54000 54000 54000 54000 54000 54400 54400 54400 54400 58000 58000 58000 58000 58000 58400 57450 57450 57450 57450 37800 37800 34200 34200 32000 30600 30600 30600 30600 30600 31400 31400 37600 37600
