Datasets/avgincome.asc
ncols         383
nrows         239
xllcorner     -73.976723696231
yllcorner     45.396293541168
cellsize      0.0013089085639051
NODATA_value  -9999
[rows 136 to 169 of 239, columns 231 to 307 of 383]
39800 33200 33200 34600 29100 29100 29100 37600 37200 37200 37200 37200 37200 37200 37200 37200 37200 37200 37200 37200 75600 25800 25800 27900 27900 27900 30200 27700 30200 24600 24600 27700 27700 27600 27600 28200 28200 32300 32300 32300 38200 60700 60700 60700 60700 60700 39800 39800 39800 45500 44600 44600 44600 44800 44600 44600 44600 44600 44000 44000 44000 46300 46300 50700 37000 50700 50700 50700 50700 44000 47800 46000 46000 46000 45400 44600 44600
33400 33200 33200 30200 28100 28100 29100 37600 37600 37600 37200 37200 37200 37200 37200 37200 37200 37200 75600 75600 75600 75600 75600 75600 28300 28300 24800 24800 27700 32600 32600 24800 24800 29600 26300 26300 31500 29400 23200 23200 38200 38200 38200 38200 45400 45400 45400 45400 45400 45400 39800 39800 39800 44600 44600 44600 44600 44600 44600 44600 45500 46300 46300 46300 42500 37000 37000 47800 47800 64800 53400 53400 47800 47800 52200 52200 50800
33400 33400 33400 30200 34160 34160 37600 37600 37600 37600 37600 37600 37600 37600 37200 37200 37200 37200 75600 75600 75600 75600 75600 75600 100400 100400 100400 25100 29600 29600 32600 32600 32600 24800 29800 29800 27300 29400 30200 30200 25100 26800 38200 38200 45400 45400 45400 45400 45400 45400 37600 37600 37600 37600 37600 45500 45500 45500 45500 45500 45500 45500 48600 38000 42500 39400 39400 50400 50400 64800 50200 50200 49400 49400 49400 52200 44800
26950 27200 27200 34160 34160 34160 37600 37600 37600 37600 37600 37600 37600 37600 37600 37600 31700 31700 75600 75600 75600 75600 75600 75600 100400 100400 100400 78800 78800 75600 27200 32600 32600 27150 22800 30000 32400 32400 29200 29200 29200 30200 38200 52200 52200 45400 45400 45400 45400 37600 37000 39600 37600 37600 37600 39200 39200 45500 36000 36000 45500 45500 47300 38000 44200 44200 44200 39000 39000 44400 44400 52800 53600 53600 54000 54000 47200
35400 26950 34160 34160 37600 37600 37600 37600 37600 37600 37600 37600 37600 37600 37600 37600 31700 37000 55800 55800 55800 55800 55800 100400 100400 78800 78800 78800 78800 76400 72800 72800 72800 72800 27150 27150 27000 25900 33600 33600 26600 25700 25700 52200 52200 52200 52200 52200 29500 29500 38000 37000 39600 39600 48800 48800 42000 50400 36000 36000 36000 47300 47300 47300 44200 45200 45200 45200 39000 44400 52800 52800 52800 52800 52200 52200 48800
40800 35400 47200 34160 37600 37600 37600 37600 37600 37600 37600 37600 37600 37600 37600 37600 31700 55800 55800 55800 55800 55800 55800 100400 100400 78800 78800 78800 76400 76400 76400 76400 72800 72800 72800 63400 63400 63400 63400 63400 63400 45600 46200 46200 46200 52200 52200 52200 41000 41000 29500 38000 38000 38000 50800 50400 48800 49600 49600 50400 50400 0 47300 0 43200 43200 43200 46000 46000 46000 50400 50400 53600 53600 52200 34800 34800
40800 35400 38900 47200 37600 37600 37600 37600 37600 37600 37600 37600 37600 37600 37600 37600 37000 37000 99200 99200 99200 99200 99200 100400 100400 78800 78800 78800 76400 76400 76400 76400 72800 72800 63400 63400 63400 63400 63400 63400 63400 45600 45600 51400 46200 50800 50800 50800 51200 52200 39800 51200 46800 46800 38800 54000 54000 45800 44600 49600 49600 45800 0 0 48000 48000 44600 44600 46000 39400 39400 53600 53600 53600 53600 54000 34800
38600 38900 30400 47200 37600 37600 37600 37600 37600 37600 37600 37600 37600 37600 37600 31700 37000 76400 99200 99200 99200 99200 99200 99200 72800 72800 72800 76400 76400 76400 76400 72800 72800 72800 63400 63400 63400 63400 63400 45600 45600 45600 45600 45600 51400 49600 49600 57800 50800 63200 63200 133000 51200 51200 46800 47200 40200 54000 54000 43800 43800 43000 43000 32400 39600 39600 37200 37200 38600 44400 56800 56800 40800 39400 54000 54000 49200
32800 32800 32800 35400 37600 37600 37600 37600 37600 37600 37600 37600 37600 37600 37600 46800 76400 76400 76400 76400 76400 99200 67200 99200 72800 72800 72800 59600 59600 89600 76400 72800 50200 50200 50200 69800 63400 63400 45600 45600 45600 45600 45600 56000 51400 49600 49600 49600 57800 57800 85000 133000 133000 133000 133000 73600 47200 40200 40200 43800 43800 43800 48000 48000 40000 39600 34800 34800 38600 38600 46200 56800 48000 40800 40800 51000 45600
32800 32800 32800 35400 37600 37600 37600 37600 37600 37600 37600 37600 37600 37600 57000 46800 46800 46800 76400 67200 67200 67200 67200 67200 72800 59600 59600 59600 59600 89600 89600 89600 69800 69800 50200 69800 69800 69800 56200 45600 45600 45600 45600 56000 62600 62600 49600 49600 63800 55200 85000 85000 102800 102800 133000 73600 73600 47200 58200 40200 40200 54000 53200 42200 42200 40000 34800 34800 34800 34800 46200 36600 36600 34400 34400 44800 51000
32800 32800 32800 32800 37600 37600 37600 37600 37600 31700 31700 37600 37600 37600 46800 46800 46800 46800 114400 114400 114400 39400 67200 72800 72800 59600 65200 65200 65200 89600 89600 69800 69800 69800 69800 69800 69800 56200 56200 74400 74400 74400 74400 62600 62600 62600 69200 69200 78800 55200 55200 55200 102800 102800 102800 73600 73600 55800 58200 59600 59600 54000 54000 53200 53200 41800 41800 41800 31700 31700 42000 36600 36600 34400 34400 44800 44800
32800 32800 32800 32800 37600 37600 37600 37600 37600 37600 31700 31700 31700 31700 46800 82800 82800 114400 114400 114400 114400 114400 39400 52200 63200 65200 65200 65200 65200 89600 89600 69800 69800 69800 69800 69800 46400 56200 84000 84000 84000 84000 91000 91000 91000 69200 69200 69200 78800 78800 78800 78800 102800 148500 148500 148500 141000 141000 141000 141000 141000 141000 141000 37100 58800 41800 41800 41800 41800 31700 41800 42000 31000 55400 55400 55400 44800
32800 32800 32800 32800 37600 37600 37600 37600 36200 31700 31700 31700 82800 82800 82800 82800 82800 114400 114400 95600 95600 39400 39400 52200 63200 63200 63200 63200 65200 89600 63300 63300 69800 69800 69800 46400 41200 52000 39500 84000 84000 84000 91000 91000 156000 156000 156000 156000 78800 78800 148500 148500 148500 148500 148500 148500 141000 141000 141000 72400 72400 72400 72400 72400 72400 72400 72400 72400 72400 41800 41800 0 0 0 0 26900 35800
32800 32800 32800 32800 37600 37600 37600 37600 36200 36200 31700 57000 82800 82800 82800 113200 95600 95600 95600 95600 95600 52200 52200 63200 63200 63200 63200 63200 63200 63300 63300 63300 46400 46400 46400 41200 52000 39500 42600 42600 69800 69800 91000 91000 156000 156000 156000 156000 114000 114000 114000 148500 148500 0 0 141000 141000 141000 72400 72400 72400 72400 72400 72400 72400 72400 72400 72400 72400 72400 72400 0 0 0 0 32600 35800
33600 32800 32800 32800 37600 37600 36200 36200 36200 36200 31700 57000 82800 113200 113200 113200 113200 95600 95600 95600 95600 107600 107600 63200 63200 63200 63200 63200 63300 63300 63300 33800 33800 33600 33600 29800 31200 35500 47900 42600 69800 69800 69800 156000 156000 156000 114000 114000 114000 114000 114000 114000 0 0 0 0 0 0 0 72400 72400 72400 72400 72400 72400 72400 72400 72400 72400 72400 72400 72400 0 40400 40400 40400 32600
33600 33600 32800 37600 37600 37600 31700 31700 36200 31700 57000 79000 57000 57000 57000 113200 113200 113200 113200 107600 107600 107600 107600 79600 79600 79600 63200 63200 53300 63300 28000 28000 33800 25800 25800 30500 31200 35500 69800 69800 69800 69800 44400 44400 84800 43400 27400 114000 114000 0 0 0 0 0 0 0 0 0 0 72400 72400 72400 72400 72400 72400 72400 72400 72400 72400 72400 72400 72400 72400 33600 40400 40400 40400
40600 33600 34300 34300 37600 31700 31700 31700 31700 31700 57000 79000 79000 57000 57000 113200 113200 113200 113200 107600 107600 107600 107600 79600 79600 63200 53300 53300 53300 63300 28000 28000 27300 29800 29800 31200 30200 41200 32800 44400 44400 44400 44400 84800 84800 84800 23200 23200 23200 0 0 0 0 0 0 0 0 0 0 0 0 0 0 72400 72400 72400 72400 72400 72400 72400 72400 72400 72400 33400 35000 35000 35000
37600 37600 34300 34300 34300 34300 34300 34300 34300 57000 57000 79000 79000 79000 79000 129000 113200 129000 129000 118800 107600 107600 107600 79600 79600 53300 53300 63300 63300 28000 28000 27300 26300 27400 27400 27400 41200 41200 32800 32800 48600 48600 44400 70000 84800 27400 23200 23200 23200 23200 23200 0 0 0 0 0 0 0 0 0 0 0 0 72400 72400 72400 72400 72400 72400 72400 72400 72400 34400 34200 21300 21300 32400
35700 35700 35700 34300 34300 34300 34300 34300 34300 47000 47000 47000 79000 129000 129000 129000 129000 129000 118800 118800 118800 118800 79600 79600 79600 53300 53300 28000 53300 28000 28000 27300 27400 27400 27400 27400 27400 34000 32800 48600 48600 48600 70000 70000 41600 23200 23200 23200 23200 23200 23200 0 0 0 0 0 0 0 0 0 0 0 0 72400 72400 72400 72400 72400 72400 72400 72400 72400 50500 50500 34200 34200 32400
35700 35700 35700 35700 34300 34300 34300 47000 47000 47000 47000 56000 56000 56000 56000 129000 129000 118800 118800 118800 96800 96800 96800 96800 24900 53300 28000 28000 28000 28000 26350 27600 27600 27600 32000 32000 34000 34000 37200 37200 48600 48600 70000 41600 23200 23200 23200 23200 23200 23200 0 0 0 0 0 0 0 0 0 0 0 72400 72400 72400 72400 72400 72400 72400 72400 72400 72400 50500 50500 50500 50500 50500 32400
35700 35700 35700 35700 35700 34300 34300 47000 47000 47000 47000 35500 56000 56000 56000 56000 56000 56000 96800 96800 96800 96800 96800 96800 24900 24900 28000 28000 28000 25700 26350 27600 27600 32800 32000 32000 38600 37600 37600 27100 48600 48600 48600 23200 23200 23200 23200 23200 23200 0 0 0 0 0 0 0 0 0 0 0 0 72400 72400 72400 72400 72400 72400 72400 72400 72400 72400 50500 50500 50500 50500 50500 50500
35000 35000 35700 35700 35000 35000 35000 47000 47000 47000 47000 35500 35500 35500 35500 35500 35500 35500 48200 56000 56000 56000 96800 24900 24900 24900 26200 26200 26200 26350 30800 27600 27600 32000 38600 38600 38600 37600 37600 27100 27100 27100 27100 23200 23200 23200 23200 0 0 0 0 0 0 0 0 0 0 0 0 0 72400 72400 72400 72400 72400 72400 72400 72400 72400 72400 53900 53900 50500 50500 50500 50500 42600
35000 35000 35000 35000 47000 47000 47000 47000 47000 47000 35500 35500 35500 35500 35500 35500 35500 35500 48200 48200 48200 48200 56000 24900 24900 26200 26200 26200 26200 26200 27600 27600 32400 29400 27050 27050 37600 37600 27100 27100 27100 35200 35200 57200 23200 23200 0 0 0 0 0 0 0 0 0 0 0 0 72400 72400 72400 72400 72400 72400 72400 72400 72400 72400 53900 53900 53900 41000 32200 32200 44500 42600 42600
35000 35000 35000 35000 47000 47000 47000 47000 47000 47000 35500 35500 35500 35500 35500 35500 36040 36040 36040 48200 24900 24900 24900 24900 30400 30400 30400 29200 29200 33500 33500 33000 29400 27050 34400 34400 31800 27100 27100 27100 35200 57200 57200 57200 23200 23200 0 0 0 0 0 0 0 0 0 0 0 0 72400 72400 72400 72400 72400 72400 72400 72400 72400 72400 53900 53900 93600 93600 41000 44500 44500 44500 44500
35000 35000 35000 47000 47000 47000 47000 47000 47000 28100 28100 28100 28100 36040 36040 36040 36040 39440 39440 39440 24900 24900 24900 28000 28000 30400 28650 29200 33500 33500 33000 33000 32200 0 0 0 31200 31200 36400 29500 57200 57200 57200 23200 23200 0 0 0 0 0 0 0 0 0 0 0 0 72400 72400 72400 72400 72400 72400 72400 72400 72400 329000 53900 100600 100600 100600 100600 93600 44500 44500 44500 44500
35000 47000 47000 47000 47000 47000 47000 47000 47000 47000 28100 28100 28100 28100 36040 36040 36040 39440 39440 37300 37300 37300 37300 28000 30200 31600 33200 29100 33500 33500 0 29200 0 0 0 0 31400 32800 31200 0 27400 27400 27400 23200 0 0 0 0 0 0 0 0 0 0 72400 72400 72400 72400 72400 72400 72400 72400 72400 72400 72400 329000 329000 61200 43400 43400 100600 100600 44500 44500 44500 44500 44500
47000 47000 47000 47000 47000 47000 47000 47000 47000 47000 47000 28100 28100 28100 28100 28100 39440 39440 39440 37300 37300 37300 37300 25100 30200 31600 31400 28800 0 0 29200 27500 28500 34400 31400 32800 32800 32800 39600 27400 27400 27400 27400 33800 0 0 0 0 0 0 0 0 0 0 72400 72400 72400 72400 72400 72400 72400 72400 72400 72400 329000 329000 329000 67800 67800 67800 67800 32700 37200 37200 37840 37840 37840
47000 47000 47000 47000 47000 47000 47000 47000 47000 47000 47000 47000 47000 0 0 0 39440 37300 37300 37300 29000 25100 25100 29050 29050 25600 31400 28800 28800 28800 27000 28500 34400 32400 32400 32800 32800 39600 39600 39600 32000 33800 33800 33800 40300 35240 35240 35240 34300 34300 28500 35800 253000 253000 95200 95200 95200 95200 95200 95200 95200 95200 95200 95200 329000 329000 67800 67800 67800 38000 38000 23960 26800 0 37840 37840 37840
47000 47000 47000 47000 47000 47000 47000 47000 47000 47000 47000 47000 47000 0 0 0 0 0 37300 37300 37300 30800 30800 29050 29050 31600 32600 27600 27600 27600 28800 31700 43200 28100 37600 37600 37600 37600 39600 32000 32000 40300 40300 40300 40300 40300 40100 40100 34300 34300 35600 253000 253000 253000 253000 253000 253000 95200 95200 95200 329000 329000 329000 329000 329000 67800 67800 67800 67800 24840 24840 26800 26800 0 0 35680 35680
47000 47000 47000 47000 47000 47000 47000 47000 47000 47000 47000 47000 0 0 0 0 0 0 52000 37300 30800 30800 30800 36000 31600 31600 31600 27600 30100 30100 29600 29600 43200 28100 40000 32000 32000 32000 32000 32000 40300 40300 40300 40300 40300 253000 253000 40100 253000 253000 253000 253000 253000 253000 253000 239000 239000 239000 95200 95200 329000 329000 329000 329000 329000 67800 67800 67800 28300 26400 26400 26400 0 39000 0 35680 35680
47000 47000 47000 47000 47000 47000 47000 47000 47000 47000 47000 0 0 0 0 0 0 52000 52000 52000 29100 30800 36000 36000 36000 36000 27600 27600 29200 29200 29600 32600 29500 40000 40000 32000 32000 32000 32000 32000 40300 40300 40300 40300 140000 140000 253000 253000 253000 253000 253000 253000 253000 253000 239000 239000 239000 239000 113200 113200 113200 113200 113200 113200 329000 329000 34800 37600 37600 28700 28700 30500 39000 28100 35680 35680 29700
0 47000 47000 47000 47000 47000 47000 47000 47000 47000 0 0 0 0 0 0 0 52000 52000 35600 35600 29100 29100 29100 36000 34200 27600 27600 26600 26600 32600 32600 32600 42200 42200 32000 32000 32000 32000 35400 90400 90400 40300 40300 140000 140000 253000 253000 253000 253000 253000 253000 239000 239000 239000 239000 239000 239000 113200 113200 113200 107200 107200 107200 107200 76800 76800 34800 34800 37320 37320 37320 37320 37320 34200 34200 34200
0 0 0 0 47000 47000 47000 47000 0 0 0 0 0 0 0 65600 65600 52000 71600 35600 40000 40000 29300 29300 41000 34200 34200 27200 0 32600 32600 32600 32600 42200 42200 36200 36200 36200 43000 70400 90400 90400 140000 140000 140000 140000 253000 253000 253000 239000 239000 239000 239000 129000 129000 129000 129000 129000 105600 105600 105600 105600 107200 107200 76800 76800 56200 56200 56400 56400 56400 37320 37320 37320 38600 34200 34200
0 0 0 0 0 47000 47000 0 0 0 0 0 0 0 65600 65600 65600 71600 71600 71600 76800 40000 34600 34600 34600 41000 38600 25700 41200 32200 32200 36800 36800 48600 48600 38400 58000 58000 98000 98000 43000 90400 90400 90400 140000 140000 119600 239000 239000 239000 239000 107600 107600 129000 129000 129000 129000 129000 105600 105600 105600 105600 76800 76800 76800 114800 114800 56400 56400 56400 56400 37320 37320 38600 44600 44600 43800
