Datasets/da_id.asc
ncols         383
nrows         239
xllcorner     -73.976723696231
yllcorner     45.396293541168
cellsize      0.0013089085639051
NODATA_value  -9999
[rows 175 to 209 of 239, columns 80 to 159 of 383]
2825 2825 2825 2149 2149 2149 2823 2823 2823 2817 2820 2818 2818 2818 2818 2816 2816 2819 2819 2819 2814 2814 2164 2914 2914 2915 2915 2915 2915 3051 2170 2170 2170 2932 2932 2932 2930 2929 2929 2929 2929 2929 2927 2927 2927 2927 2927 2927 2927 2927 2927 2926 2926 2926 2926 2926 2926 2926 2926 2926 2926 2926 2228 2228 2228 2228 2228 2228 2228 2228 2228 2228 2228 2228 2228 2228 2228 3161 3161 3161
2825 2149 2149 2149 2149 2149 2823 2822 2822 2823 2823 2820 2820 2818 2818 2819 2819 2819 2164 2164 2164 2164 2164 2164 2914 2914 2914 2915 2169 2169 2169 2170 2932 2932 2932 2933 2933 2929 2929 2929 2929 2929 2934 2927 2927 2927 2927 2927 2927 2927 2926 2926 2926 2926 2926 2926 2926 2926 2926 2926 2926 2926 2228 2228 2228 2228 2228 2228 2228 2228 2228 2228 2228 2228 2228 2228 2228 2228 2228 2228
2149 2150 2150 2150 2149 2149 2149 2822 2822 2821 2820 2820 2820 2820 2820 2161 2163 2163 2163 2164 2164 2164 2164 2164 2164 2914 2914 2169 2169 2169 2168 2932 2932 2932 2933 2933 2934 2929 2929 2929 2934 2926 2926 2926 2927 2927 2927 2927 2926 2926 2926 2926 2926 2926 2926 2926 2926 2926 2926 2926 2926 2926 2926 2228 2228 2228 2228 2228 2228 2228 2228 2228 2228 2228 2228 2228 2228 2228 2228 2228
2149 2150 2152 2150 2150 2149 2149 2822 2822 2822 2821 2820 2820 2818 2161 2162 2162 2163 2163 2163 2163 2164 2164 2165 2165 2166 2166 2168 2169 2168 2168 2168 2933 2933 2933 2933 2934 2934 2934 2926 2926 2926 2926 2926 2927 2926 2926 2926 2926 2926 2926 2926 2926 2926 2926 2926 2926 2926 2926 2926 2926 2926 2926 2926 2228 2228 2228 2228 2228 2228 2228 2228 2228 2228 2228 2228 2228 2228 2228 3161
2143 2152 2152 2150 2151 2151 2151 2151 2822 2821 2821 2818 2161 2161 2161 2162 2162 2163 2163 2163 2163 2163 2165 2165 2165 2166 2166 2166 2168 2168 2168 2168 2933 2933 2933 2933 2926 2926 2926 2926 2926 2926 2926 2926 2926 2926 2926 2926 2926 2926 2926 2926 2926 2926 2926 2926 2926 2926 2926 2926 2926 2926 2926 2926 2228 2228 2228 2228 2228 2228 2228 2228 2228 2228 2228 2228 2228 2228 2228 3161
2147 2152 2152 2152 2151 2151 2151 2151 2153 2154 2821 2160 2161 2161 2161 2160 2163 2163 2163 2163 2163 2163 2165 2165 2166 2166 2166 2166 2935 2168 2168 2168 2933 2933 2934 2926 2926 2926 2926 2926 2926 2926 2926 2926 2926 2926 2926 2926 2926 2926 2926 2926 2926 2926 2926 2926 2926 2926 2926 2926 2926 2926 2926 2926 2926 2926 2228 2228 2228 2228 2228 2228 2228 2228 2228 2228 2228 2228 2228 2228
2143 2152 2152 2152 2151 2153 2151 2153 2153 2154 2154 2821 2161 2161 2160 2160 2160 2160 2163 2163 2163 2167 2167 2167 2167 2158 2158 2935 2935 2935 2934 2934 2926 2926 2926 2926 2926 2926 2926 2926 2926 2926 2926 2926 2926 2926 2926 2926 2926 2926 2926 2926 2926 2926 2926 2926 2926 2926 2926 2926 2926 2926 2926 2926 2926 2926 2228 2228 2228 2228 2228 2228 2228 2228 2228 2228 2228 2228 2228 2228
2142 2152 2142 2142 2142 2154 2154 2154 2153 2155 2155 2155 2156 2156 2160 2159 2159 2159 2159 2158 2158 2158 2158 2935 2935 2935 2936 2936 2936 2935 2934 2926 2926 2926 2926 2926 2926 2926 2926 2926 2926 2926 2926 2926 2926 2926 2926 2926 2926 2926 2926 2926 2926 2926 2926 2926 2926 2926 2926 2926 2926 2926 2926 2926 2926 2926 2926 2926 2228 2228 2228 2228 2228 2228 2228 2228 2228 2228 2228 2228
2142 2142 2142 2142 2142 2154 2154 2154 2154 2155 2155 2156 2156 2156 2156 2159 2159 2159 2159 2158 2158 2158 2935 2937 2937 2936 2936 2936 3029 2938 2938 2938 2926 2926 2926 2926 2926 2926 2926 2926 2926 2926 2926 2926 2926 2926 2926 2926 2926 2926 2926 2926 2926 2926 2926 2926 2926 2926 2926 2926 2926 2926 2926 2926 2926 2926 2926 2926 2926 2228 2228 2228 2228 2228 2228 2228 2228 2228 2228 2228
2142 2142 2142 2142 2142 2142 2142 2142 2155 2155 2953 2953 2953 2953 2156 2156 2159 2158 2158 2935 2935 2935 2935 2937 2937 2935 3029 3029 3029 2938 2938 2938 2926 2926 2926 2926 2926 2926 2926 2926 2926 2926 2926 2926 2926 2926 2926 2926 2926 2926 2083 2083 2926 2081 2081 2081 2926 2926 2926 2926 2926 2926 2926 2926 2926 2926 2926 2926 2926 2926 2228 2228 2228 2228 2228 2228 2228 2228 2228 2228
2142 2142 2142 2142 2142 2142 2954 2954 2155 2954 2953 2953 2156 2156 2156 2157 2158 2158 2935 2937 2937 2937 2937 2937 2935 2938 3029 3029 2938 2938 2938 3029 3029 2926 2926 2926 2926 2926 2926 2926 2926 2926 2926 2926 2926 2926 2926 2926 2926 2083 2082 2082 2083 2081 2081 2081 2080 2080 2926 2926 2926 2926 2926 2926 2926 2926 2926 2228 2228 2228 2228 2228 2228 2228 2228 2228 2228 2228 2228 2228
2141 2141 2141 2142 2142 2954 2954 2954 2953 2953 2948 2156 2156 2156 2157 2157 2157 2935 2935 2937 2937 2937 2937 2935 2938 3029 2938 2938 2938 2938 3029 3029 3029 3029 3029 2926 2926 2926 2926 2926 2926 2926 2926 2926 2926 2926 2926 2926 2083 2083 2082 2082 2082 2081 2081 2081 2081 2080 2926 2926 2926 2926 2926 2926 2926 2926 2229 2228 2228 2228 2228 2228 2228 2228 2228 2228 2228 2228 2228 2228
2140 2141 2141 2142 2954 2954 2953 2953 2953 2948 2157 2157 2157 2157 2157 2946 2945 2945 2945 2935 2935 3029 2938 2938 2938 2938 3029 3029 3029 3029 3029 3029 3029 3029 3029 3029 2926 2926 2926 2926 2926 2926 2926 2926 2926 2084 2084 2084 2084 2083 2082 2082 2082 2082 2082 2080 2080 2080 2080 2080 2926 2926 2926 2926 2229 2229 2229 2228 2228 2228 2228 2228 2228 2228 2228 2228 2228 2228 2228 2228
2140 2140 2141 2954 2954 2953 2953 2953 2948 2948 2157 2157 2946 2946 2946 2946 2945 2945 2945 3029 3029 3029 3029 2938 2938 3029 3029 3029 3029 3029 3029 3029 2939 2939 2939 2939 2939 2926 2926 2926 2926 2926 2926 2940 2940 2084 2084 2084 2084 2084 2082 2082 2082 2082 2082 2082 2080 2080 2080 2080 2080 2080 2926 2229 2229 2229 2229 2229 2229 2228 2228 2228 2228 2228 2228 2228 2228 2228 2228 2228
2138 2139 2139 2139 2953 2953 2948 2948 2948 2948 2948 2157 2946 2946 2946 2946 2945 2945 2945 2945 3029 3029 3029 3029 3029 3029 3029 3029 3029 3029 3029 2939 2939 2939 2939 2939 2939 2939 2926 2926 2940 2940 2940 2940 2940 2084 2084 2085 2085 2085 2085 2082 2078 2078 2078 2078 2078 2080 2229 2229 2079 2079 2230 2230 2229 2229 2229 2229 2229 2228 2228 2228 2228 2228 2228 2228 2228 2228 2228 2228
2139 2139 2139 2139 2953 2948 2948 2948 2948 2948 2947 2947 2947 2946 2946 2946 2945 2945 2945 2945 2945 2945 3029 3029 3029 3029 3029 3029 3029 3029 2939 2939 2939 2939 2939 2939 2939 2939 2926 2940 2940 2940 2940 2940 2087 2085 2085 2085 2085 2085 2085 2078 2078 2078 2078 2078 2078 2229 2229 2079 2079 2079 2230 2230 2230 2230 2229 2229 2229 2228 2228 2228 2228 2228 2228 2228 2228 2228 2228 2228
2139 2139 2949 2949 2949 2949 2947 2947 2947 2947 2947 2947 2947 2946 2946 2946 2946 2945 2945 2945 2945 2945 2945 3029 3029 3029 3029 2939 2939 2939 2939 2939 2939 2939 2939 2939 2939 2939 2940 2940 2087 2087 2940 2087 2087 2086 2085 2085 2085 2078 2078 2078 2078 2078 2077 2077 2229 2229 2077 2079 2079 2230 2230 2230 2230 2231 2231 2231 2231 2229 2228 2228 2228 2228 2228 2228 2228 2228 2228 2228
2949 2949 2949 2949 2949 2949 2947 2947 2947 2947 2947 2947 2947 2947 2947 2945 2945 2945 2945 2945 2945 2945 2945 2945 2939 2939 2939 2939 2939 2939 2939 2939 2939 2939 2939 2939 2939 2939 2939 2088 2087 2087 2087 2087 2086 2086 2086 2078 2078 2078 2078 2078 2078 2077 2077 2077 2077 2077 2077 2079 2079 2231 2231 2230 2231 2231 2231 2231 2231 2229 2228 2228 2228 2228 2228 2228 2228 2228 2228 2228
2949 2949 2949 2950 2949 2950 2949 2949 2947 2947 2947 2947 2947 2947 2947 2945 2945 2945 2945 2945 2100 2100 2100 2100 2100 2939 2939 2939 2939 2939 2939 2939 2939 2939 2939 2939 2939 2939 2939 2088 2088 2088 2087 2087 2086 2086 2086 2078 2078 2078 2078 2076 2077 2076 2077 2077 2077 2077 2077 2077 2231 2231 2231 2231 2231 2232 2232 2233 2233 2233 2235 2235 2235 2235 2228 2228 2228 2228 2228 2228
2949 2949 2950 2950 2950 2951 2951 2951 2951 2947 2947 2947 2947 2947 2947 2947 2945 2100 2100 2100 2100 2100 2100 2100 2100 2100 2939 2939 2939 2939 2939 2939 2941 2941 2939 2939 2939 2939 2089 2088 2088 2088 2088 2086 2086 2086 2086 2086 2086 2955 2955 2955 2076 2076 2076 2076 2077 2077 2077 2077 2074 2232 2232 2232 2232 2232 2232 2232 2233 2233 2235 2235 2235 2235 2228 2228 2228 2228 2238 2238
2132 2132 2952 2952 2951 2951 2951 2951 2951 2951 2947 2947 2947 2100 2100 2100 2100 2100 2100 2100 2100 2100 2100 2100 2100 2100 2939 2939 2939 2939 2939 2939 2939 2941 2941 2941 2939 2089 2089 2089 2088 2088 2088 2088 2086 2086 2955 2955 2955 2955 2955 2955 2076 2076 2076 2076 2076 2077 2077 2074 2074 2074 2074 2232 2232 2232 2233 2233 2234 2234 2234 2234 2236 2236 2236 2237 2237 2237 2238 2238
2952 2952 2952 2952 2951 2951 2951 2951 2951 2102 2102 2100 2100 2100 2100 2100 2100 2100 2100 2100 2100 2100 2100 2100 2100 2100 2100 2939 2939 2942 2942 2942 2941 2941 2941 2941 2943 2943 2089 2089 2088 2088 2088 2088 2088 2955 2955 2955 2955 2955 2955 2955 2076 2076 2076 2076 2075 2075 2074 2074 2074 2074 2074 2074 2074 2233 2233 2233 2233 2233 2234 2234 2236 2236 2236 2236 2236 2237 2237 2237
2952 2952 2952 2951 2951 2951 2951 2102 2102 2102 2102 2102 2100 2100 2100 2100 2100 2100 2100 2100 2100 2100 2100 2098 2098 2098 2098 2096 2096 2095 2944 2942 2943 2943 2943 2943 2943 2943 2089 2089 2088 2088 2088 2088 2088 2955 2955 2955 2955 2955 2955 2955 2955 2076 2075 2075 2075 2075 2074 2074 2074 2074 2074 2074 2074 2233 2233 2233 2233 2233 2234 2234 2234 2236 2236 2236 2236 2237 2237 2237
2952 2952 2951 2951 2951 2104 2104 2102 2102 2102 2102 2102 2101 2101 2101 2101 2101 2100 2100 2099 2099 2099 2099 2097 2098 2098 2096 2096 2096 2095 2095 2943 2095 2943 2943 2943 2091 2091 2091 2091 2092 2955 2955 2955 2955 2955 2955 2955 2955 2955 2956 2956 2956 2075 2075 2075 2075 2075 2075 2074 2955 2233 2233 2073 2073 2073 2073 2073 2073 2073 2070 2070 2070 2070 2070 2070 2070 2070 2070 2070
2131 2131 2951 2951 2104 2104 2104 2104 2104 2102 2102 2102 2102 2101 2101 2101 2100 2100 2100 2099 2099 2099 2099 2097 2097 2097 2097 2096 2095 2095 2095 2095 2943 2095 2091 2091 2091 2091 2091 2092 2092 2955 2955 2955 2955 2955 2955 2955 2955 2955 2956 2956 2956 2073 2073 2073 2073 2073 2912 -9999 -9999 -9999 -9999 -9999 -9999 -9999 2912 2072 2072 2072 2072 2071 2071 2071 2070 2070 2070 2070 2070 2070
2130 2130 2130 2104 2104 2104 2104 2104 2104 2104 2102 2103 2102 2102 2101 2101 2101 2101 2101 2099 2099 2099 2099 2099 2097 2097 2097 2096 2096 2096 2095 2095 2095 2091 2091 2091 2091 2092 2092 2092 2092 2092 2092 2955 2955 2955 2955 2955 2955 2955 2955 2073 2073 2073 2073 2912 2912 2912 -9999 -9999 -9999 -9999 -9999 -9999 -9999 -9999 -9999 -9999 -9999 -9999 2072 2071 2071 2071 2069 2069 2069 2070 2070 2070
2130 2130 2130 2130 2104 2104 2104 2104 2104 2104 2103 2103 2103 2102 2113 2113 2114 2114 2114 2114 2115 2115 2115 2115 2114 2114 2097 2096 2096 2096 2095 2095 2095 2095 2091 2092 2092 2092 2092 2092 2092 2092 2092 2955 2955 2955 2955 2955 2073 2073 2073 2073 2911 2073 2073 2912 2912 -9999 -9999 -9999 -9999 -9999 -9999 -9999 -9999 -9999 -9999 -9999 -9999 -9999 -9999 2912 2071 2071 2069 2069 2069 2070 2070 2067
2130 2130 2130 2130 2104 2105 2105 2105 2105 2105 2103 2103 2103 2113 2113 2113 2114 2114 2114 2114 2115 2115 2115 2115 2114 2114 2095 2095 2095 2095 2095 2095 2095 2094 2094 2094 2094 2092 2092 2093 2093 2093 2910 2955 2955 2955 2073 2073 2073 2073 2911 2911 2911 2073 2073 2912 2912 -9999 -9999 -9999 -9999 -9999 -9999 -9999 -9999 -9999 -9999 -9999 -9999 -9999 -9999 -9999 2069 2071 2069 2068 2068 2068 2068 2068
2130 2130 2130 2130 2105 2105 2105 2105 2105 2105 2103 2109 2109 2113 2113 2113 2113 2112 2112 2115 2115 2115 2115 2115 2114 2114 2095 2095 2095 2095 2095 2095 2095 2094 2094 2094 2094 2092 2093 2093 2910 2910 2910 2910 2911 2911 2911 2910 2910 2910 2911 2911 2911 -9999 -9999 -9999 -9999 -9999 -9999 -9999 -9999 -9999 -9999 -9999 -9999 -9999 -9999 -9999 -9999 -9999 -9999 -9999 -9999 2069 2069 2068 2068 2068 2068 2068
2130 2129 2129 2129 2105 2106 2106 2106 2103 2103 2109 2109 2109 2113 2113 2113 2113 2112 2112 2114 2115 2115 2115 2115 2114 2114 2114 2095 2095 2095 2095 2095 2095 2095 2095 2094 2094 2910 2910 2910 2910 2910 2910 2910 2910 2911 2911 2910 2910 2911 2911 2911 2912 -9999 -9999 -9999 -9999 -9999 -9999 -9999 -9999 -9999 -9999 -9999 -9999 -9999 -9999 -9999 -9999 -9999 -9999 -9999 -9999 -9999 2069 2069 2068 2068 2068 2068
2128 2128 2128 2128 2107 2106 2107 2107 2107 2107 2109 2109 2109 2109 2113 2113 2113 2112 2112 2112 2112 2116 2116 2116 2116 2114 2114 2095 2095 2095 2095 2095 2095 2095 2910 2910 2910 2910 2910 2909 2909 2910 2910 2910 2910 2911 2911 2910 2910 2912 2912 2912 2912 -9999 -9999 -9999 -9999 -9999 -9999 -9999 -9999 -9999 -9999 -9999 -9999 -9999 -9999 -9999 -9999 -9999 -9999 -9999 -9999 -9999 2069 2069 -9999 -9999 -9999 -9999
2128 2128 2128 2128 2128 2107 2107 2107 2107 2107 2109 2109 2109 2109 2110 2110 2110 2110 2112 2112 2112 2116 2111 2111 2116 2116 2114 2111 2910 2910 2905 2910 2910 2905 2910 2910 2910 2910 2909 2909 2909 2910 2910 2910 2910 2910 2910 2913 2913 2913 2913 2912 2912 -9999 -9999 -9999 -9999 -9999 -9999 -9999 -9999 -9999 -9999 -9999 -9999 -9999 -9999 -9999 -9999 -9999 -9999 -9999 -9999 -9999 -9999 -9999 -9999 -9999 -9999 -9999
2128 2128 2128 2127 2128 2107 2107 2107 2107 2107 2108 2109 2109 2109 2110 2110 2110 2110 2112 2112 2112 2111 2116 2116 2116 2117 2117 2117 2905 2905 2905 2905 2905 2905 2907 2907 2907 2907 2907 2909 2909 2909 2908 2908 2908 2908 2913 2913 2913 2913 2913 2912 2912 -9999 -9999 -9999 -9999 -9999 -9999 -9999 -9999 -9999 -9999 -9999 -9999 -9999 -9999 -9999 -9999 -9999 -9999 -9999 -9999 -9999 -9999 -9999 -9999 -9999 -9999 -9999
2127 2127 2127 2127 2127 2108 2108 2108 2108 2108 2108 2108 2108 2108 2110 2110 2110 2110 2111 2111 2111 2111 2117 2117 2117 2118 2118 2118 2905 2905 2905 2905 2905 2905 2905 2907 2907 2907 2907 2908 2908 2908 2908 2908 2908 2908 2913 2913 2913 2904 2904 2904 2912 -9999 -9999 -9999 -9999 -9999 -9999 -9999 -9999 -9999 -9999 -9999 -9999 -9999 -9999 -9999 -9999 -9999 -9999 -9999 -9999 -9999 -9999 -9999 -9999 -9999 -9999 -9999
2127 2126 2127 2127 2126 2126 2108 2108 2108 2108 2108 2108 2110 2110 2110 2110 2110 2111 2111 2117 2117 2117 2117 2117 2118 2118 2118 2118 2117 2905 2905 2905 2905 2905 2905 2907 2907 2907 2907 2908 2908 2908 2908 2908 2908 2908 2908 2913 2904 2904 2904 2904 2912 -9999 -9999 -9999 -9999 -9999 -9999 -9999 -9999 -9999 -9999 -9999 -9999 -9999 -9999 -9999 -9999 -9999 -9999 -9999 -9999 -9999 -9999 -9999 -9999 -9999 -9999 -9999
