Datasets/da_id.asc
ncols         383
nrows         239
xllcorner     -73.976723696231
yllcorner     45.396293541168
cellsize      0.0013089085639051
NODATA_value  -9999
[rows 70 to 104 of 239, columns 240 to 319 of 383]
-9999 -9999 -9999 -9999 -9999 -9999 -9999 -9999 -9999 -9999 -9999 -9999 -9999 -9999 -9999 -9999 -9999 -9999 -9999 -9999 2595 2595 2597 2597 2597 2571 2571 2571 2571 2570 2570 2570 2559 2556 2556 2555 2553 2551 2551 2551 2551 2551 2551 3040 3040 3040 3040 3040 3040 3040 3040 3040 2633 2633 2633 2633 2633 2633 2633 2633 2633 2633 2633 2633 2633 2633 2633 2633 2633 2633 2633 2633 2633 2633 2633 2633 2633 2633 2633 2633
-9999 -9999 -9999 -9999 -9999 -9999 -9999 -9999 -9999 -9999 -9999 -9999 -9999 -9999 -9999 -9999 -9999 -9999 -9999 -9999 2595 2595 2595 2597 2597 2571 2571 2571 2572 2570 2570 2570 2570 2560 2560 2560 2543 2552 2551 2550 2550 2550 2550 2550 3040 3040 3040 3040 3040 3040 3040 293 293 2633 2633 2633 2633 2633 2633 2633 2633 2633 2633 2633 2633 2633 2633 2633 2633 2633 2633 2633 2633 2633 2633 2633 2633 2633 2633 2633
-9999 -9999 -9999 -9999 -9999 -9999 -9999 -9999 -9999 -9999 -9999 -9999 -9999 -9999 -9999 -9999 -9999 -9999 -9999 -9999 2595 2595 2596 2597 2573 2597 2572 2572 2572 2572 2570 2570 2541 2560 2560 2543 2543 2544 2545 2550 2550 2550 2550 2550 2550 3040 3040 3040 3040 293 293 293 293 293 293 293 293 2633 2633 2633 2633 2633 2633 2633 2633 2633 2633 2633 2633 2633 2633 2633 2633 2633 2633 2633 2633 2633 2633 2633
-9999 -9999 -9999 -9999 -9999 -9999 -9999 -9999 -9999 -9999 -9999 -9999 -9999 -9999 -9999 -9999 -9999 -9999 -9999 2595 2595 2595 2596 2596 2573 2573 2573 2572 2572 2572 2572 2744 2541 2541 2541 2543 2544 2545 2547 2548 2550 2550 2550 2550 2550 2550 293 293 293 293 293 293 293 293 293 293 293 293 293 2633 2633 2633 2633 2633 2633 2633 2633 2633 2633 2633 2633 2633 2633 2633 2633 2633 2633 2633 2633 191
-9999 -9999 -9999 -9999 -9999 -9999 -9999 -9999 -9999 -9999 -9999 -9999 -9999 -9999 -9999 -9999 -9999 -9999 2582 2582 2581 2581 2596 2596 2574 2573 2574 2574 2574 2743 2743 2744 2541 2541 2541 2542 2546 2547 2547 2547 2549 2549 2550 2550 2745 2745 293 293 293 293 293 293 293 293 293 293 293 293 293 293 2633 2633 2633 2633 2633 2633 2633 2633 2633 2633 2633 2633 2633 2633 2633 2633 2633 2633 191 191
-9999 -9999 -9999 -9999 -9999 -9999 -9999 -9999 -9999 -9999 -9999 -9999 -9999 -9999 -9999 -9999 -9999 -9999 2582 2582 2582 2582 2581 2577 2574 2574 2574 2575 2575 2575 2537 2538 2539 2539 2541 2541 2541 2745 2547 2548 2548 2548 2550 2750 2745 2750 293 293 293 293 293 293 293 293 293 293 293 293 293 293 2633 2633 2633 2633 2633 2633 2633 2633 2633 2633 2633 2633 2633 2633 2633 2633 2633 193 193 192
-9999 -9999 -9999 -9999 -9999 -9999 -9999 -9999 -9999 -9999 -9999 -9999 -9999 -9999 -9999 -9999 -9999 2582 2582 2582 2580 2580 2580 2580 2577 2574 2576 2575 2575 2576 2536 2537 2537 2539 2746 2746 2746 2745 2745 2745 2745 2745 2750 2750 2750 2750 2750 2750 2750 2750 293 293 293 293 293 293 293 293 293 293 2633 2633 2633 2633 2633 2633 2633 2633 2633 2633 2633 2633 2633 2633 2633 2633 2633 193 193 192
-9999 -9999 -9999 -9999 -9999 -9999 -9999 -9999 -9999 -9999 -9999 -9999 -9999 -9999 -9999 -9999 -9999 2582 2583 2583 2580 2580 2580 2579 2579 2577 2577 2576 2576 2576 2536 2536 2537 2537 2745 2745 2745 2745 2745 2745 2750 2750 2750 2750 2750 2750 2750 2750 2750 2750 2750 2750 293 293 293 293 293 293 293 291 291 290 290 290 289 2633 2633 2633 2633 2633 2633 2633 2633 2633 2633 2633 193 193 193 192
-9999 -9999 -9999 -9999 -9999 -9999 -9999 -9999 -9999 -9999 -9999 -9999 -9999 -9999 -9999 -9999 -9999 2502 2583 2583 2582 2579 2579 2579 2579 2577 2577 2577 2577 2577 2535 2535 2534 2745 2745 2745 2745 2745 2745 2750 2750 2750 2750 2750 2750 2750 2750 2750 2750 2750 2750 2750 294 294 293 293 293 293 292 291 291 291 291 288 288 289 2633 2633 2633 2633 2741 2633 2633 2633 193 193 195 195 195 192
-9999 -9999 -9999 -9999 -9999 -9999 -9999 -9999 -9999 -9999 -9999 -9999 -9999 -9999 -9999 -9999 2587 2502 2586 2586 2584 2584 2584 2578 2578 2578 2578 2577 2577 2577 2534 2534 2534 2745 2745 2745 2745 2745 2745 2750 2750 2750 2750 2750 2750 2750 2750 2750 2750 2750 294 294 294 294 294 294 293 292 292 292 292 291 291 288 288 2633 2633 2633 2741 2741 2741 2741 2633 2633 193 193 193 195 196 175
-9999 -9999 -9999 -9999 -9999 -9999 -9999 -9999 -9999 -9999 -9999 -9999 -9999 -9999 -9999 -9999 2587 2587 2586 2586 2584 2584 2584 2584 2578 2529 2530 2530 2532 2532 2532 2533 2533 2748 2748 2748 2747 2745 2750 2750 2750 2750 2750 2750 2750 2750 2750 2750 294 294 294 294 294 294 294 294 294 294 292 292 292 286 286 286 286 287 287 3055 3055 3055 2741 2741 2741 197 197 197 193 193 196 175
-9999 -9999 -9999 -9999 -9999 -9999 -9999 -9999 -9999 -9999 -9999 -9999 -9999 -9999 2502 2502 2587 2586 2586 2585 2585 2584 2584 2591 2591 2529 2530 2530 2528 2528 2532 2532 2748 2748 2748 2748 2748 2750 2750 2750 2750 2750 2750 2750 2750 2750 2751 2751 2751 2751 294 294 294 294 294 294 294 294 294 282 292 285 285 285 286 287 287 3055 3055 3055 2741 2741 197 197 197 197 197 197 193 174
-9999 -9999 -9999 -9999 -9999 -9999 -9999 -9999 -9999 -9999 -9999 -9999 -9999 -9999 2502 2502 2502 2504 2586 2585 2588 2588 2588 2590 2590 2529 2528 2528 2528 2528 2532 2749 2748 2748 2748 2748 2748 2750 2750 2750 305 2750 2750 2750 303 302 2750 2750 300 300 296 294 294 295 295 295 295 282 282 282 282 282 282 282 285 284 2742 2742 2742 3055 2741 2741 197 197 197 197 197 197 197 193
-9999 -9999 -9999 -9999 -9999 -9999 -9999 -9999 -9999 -9999 -9999 -9999 -9999 -9999 2503 2503 2504 2504 2586 2588 2588 2589 2589 2590 2590 2527 2527 2528 2749 2749 2749 2749 2748 2748 2748 306 306 306 2750 305 305 305 305 303 302 301 301 2750 299 299 296 296 295 295 295 295 295 282 282 282 282 282 282 282 282 282 283 283 2742 2742 197 197 197 197 197 197 197 197 197 197
-9999 -9999 -9999 -9999 -9999 -9999 -9999 -9999 -9999 -9999 -9999 -9999 -9999 2502 2503 2503 2503 2506 2505 2505 2588 2588 2588 2592 2592 2527 2526 2526 2526 2526 2748 2748 2748 2748 2748 306 306 306 306 305 305 305 303 303 302 302 301 300 299 299 299 298 297 295 295 282 282 282 282 282 282 282 282 282 282 282 282 2742 2742 2742 197 197 197 197 197 197 197 197 197 199
-9999 -9999 -9999 -9999 -9999 -9999 -9999 -9999 -9999 -9999 -9999 -9999 -9999 2483 2503 2503 2503 2507 2505 2505 2505 2505 2592 2592 2592 2525 2526 2526 2522 2522 2522 2748 2748 3204 3204 306 306 306 306 306 306 305 304 304 303 303 302 300 298 298 298 298 295 295 276 277 277 282 282 282 282 282 282 282 282 282 282 282 203 203 197 197 197 197 197 197 197 197 197 199
-9999 -9999 -9999 -9999 -9999 -9999 -9999 -9999 -9999 -9999 -9999 -9999 3039 2483 2483 2507 2507 2507 2506 2505 2505 2505 2593 2593 2525 2525 2524 2523 2522 2522 2522 2522 2748 3204 3204 3204 3204 307 306 306 306 389 305 305 390 390 390 390 390 390 390 273 274 276 277 277 277 278 278 282 282 282 282 282 282 282 282 203 203 203 203 201 202 197 197 132 132 132 132 199
-9999 -9999 -9999 -9999 -9999 -9999 -9999 -9999 -9999 -9999 -9999 3039 2484 2483 2483 2482 2482 2508 2508 2508 2505 2593 2593 2593 2593 2524 2524 2523 2522 2522 2522 2522 3204 3204 3204 3204 3204 307 307 307 306 389 389 389 389 390 390 390 390 390 390 273 274 275 275 280 280 280 282 282 281 281 281 281 282 203 203 203 203 203 203 203 201 202 131 131 131 132 132 133
-9999 -9999 -9999 -9999 -9999 -9999 -9999 -9999 -9999 3039 3039 2485 2484 2481 2481 2482 2482 2482 2509 2509 2509 2593 2593 2593 2594 2594 2524 2513 2522 2522 2522 2522 3204 3204 3204 3204 3204 308 307 307 391 391 391 391 389 389 390 390 390 273 273 271 273 275 280 280 280 280 279 279 281 281 281 281 209 203 203 203 203 203 203 203 201 201 129 129 134 134 134 128
-9999 -9999 -9999 -9999 -9999 -9999 -9999 -9999 -9999 3039 3039 2485 2485 2486 2481 2481 2481 2480 2480 2509 2510 2510 2511 2511 2511 2513 2513 2513 2513 2513 2513 2519 2519 3204 3204 3205 308 308 308 391 391 391 391 391 391 391 389 272 273 273 273 271 271 275 280 280 280 280 280 281 281 281 281 281 209 209 209 203 203 203 203 203 201 128 128 129 128 128 134 128
-9999 -9999 -9999 -9999 -9999 -9999 -9999 -9999 3039 2489 2489 2485 2486 2486 2486 2481 2480 2480 2480 2480 2510 2510 2512 2512 2512 2512 2513 2513 2513 2519 2519 2519 2519 2519 3205 3205 3205 3205 309 392 311 392 375 375 375 377 377 377 272 272 272 271 271 270 280 280 280 280 280 281 281 281 209 209 209 208 207 207 204 203 203 203 203 128 128 128 128 128 128 135
-9999 -9999 -9999 -9999 -9999 -9999 -9999 -9999 3039 2489 2489 2489 2487 2486 2478 2479 2480 2480 2480 2517 2515 2515 2515 2515 2512 2513 2513 2513 2519 2519 2519 2519 2519 2519 2519 2519 3205 3205 309 310 311 375 375 377 377 377 376 376 377 272 272 272 270 270 270 269 269 269 268 268 281 209 209 209 209 208 207 205 204 204 204 203 203 127 128 128 128 128 128 135
-9999 -9999 -9999 -9999 -9999 -9999 -9999 2491 2490 2489 2489 2488 2487 2487 2478 2478 2479 2479 2476 2517 2517 2515 2515 2514 2514 2514 2513 2513 2519 2519 2519 2519 2519 2519 2519 2519 313 313 310 311 375 375 375 374 374 376 376 376 378 272 272 266 266 270 270 269 269 269 268 268 212 209 210 210 210 216 216 205 1558 1558 1558 1558 203 1560 1559 127 125 127 135 135
-9999 -9999 -9999 -9999 -9999 -9999 -9999 2491 2492 2490 2490 2497 2488 2488 2499 2477 2477 2477 2476 2475 2475 2516 2518 2515 2514 2514 2513 2519 2519 2519 2519 2519 2519 2519 2519 2519 312 312 312 312 375 375 375 374 374 374 378 378 378 379 266 266 266 266 266 270 269 269 268 268 212 212 211 214 214 216 216 216 1558 1558 1558 1558 1559 1559 1559 125 125 125 124 124
-9999 -9999 -9999 -9999 -9999 2491 -9999 2493 2492 2497 2497 2497 2488 2499 2499 2499 2501 2501 2474 2475 2475 2518 2518 2518 2518 2515 2519 325 325 2519 2521 2521 2520 2520 316 315 314 314 314 393 393 375 375 373 373 373 373 379 379 379 379 379 266 266 266 266 268 268 268 212 212 212 211 214 214 215 217 1558 1558 1558 1557 1557 1557 1559 1559 1561 123 123 123 123
-9999 -9999 -9999 -9999 -9999 -9999 -9999 2494 2494 2497 2497 2497 2498 2498 2499 2501 2501 2501 2501 2474 2473 2518 2518 2518 2518 2513 325 325 325 324 2521 2521 2521 2521 317 316 315 315 314 393 393 372 372 371 371 379 379 379 380 380 263 263 264 266 266 266 266 266 267 212 213 213 214 215 215 215 218 217 217 1555 1555 1555 1557 1556 1561 1561 121 121 121 122
-9999 -9999 -9999 -9999 -9999 -9999 2462 2491 2494 2464 2464 2464 2498 2498 2500 2501 2501 2501 2501 2473 2473 2518 2518 2518 2518 2518 325 325 326 324 324 324 2521 2521 317 317 318 395 395 394 394 394 371 371 371 371 379 381 380 380 263 263 262 262 261 261 267 267 267 267 267 258 221 221 221 220 220 218 218 1555 1557 1557 1556 1556 1561 120 121 121 121 122
-9999 -9999 -9999 -9999 -9999 2462 2462 2462 2463 2463 2464 2464 2465 2465 2500 2500 2501 2472 2472 2472 2473 2518 2518 2518 2518 327 327 327 323 323 322 322 320 319 318 318 395 395 395 394 394 394 370 369 369 371 384 381 381 263 263 263 262 262 261 260 259 260 260 258 258 258 221 221 221 221 220 1552 1552 1553 1554 1554 1554 1561 1561 120 120 119 119 119
-9999 2495 -9999 2462 2462 2462 2461 2461 2463 2463 2463 2463 2466 2465 2465 2468 2469 2469 2469 2471 2471 2518 327 327 327 327 327 327 327 402 322 322 321 320 398 398 397 397 397 396 365 394 368 369 384 384 384 384 382 382 382 382 262 261 261 259 259 258 258 258 258 258 222 222 220 220 220 1552 1552 1552 1548 1548 1554 1554 1546 120 120 120 120 118
-9999 -9999 2462 2462 2462 2462 2461 2460 2460 2460 2466 2466 2466 2466 2467 2468 2468 2469 2469 2470 2471 2518 327 327 327 327 327 327 402 402 402 402 402 402 399 400 400 400 400 363 364 366 386 368 384 384 384 384 382 382 382 382 388 261 260 260 260 259 259 257 258 258 223 222 223 223 1552 1551 1551 1552 1548 1548 1548 1548 1546 1546 1546 1546 1546 117
2495 -9999 2495 2462 2462 2462 2462 2459 2459 2460 2460 2460 2466 2757 2467 2467 2467 2470 2470 2470 2470 327 327 327 327 327 327 327 402 402 402 402 402 402 402 343 400 362 362 363 363 386 386 386 384 384 385 387 383 388 388 388 388 254 255 255 256 257 257 257 256 224 224 223 1562 1562 1550 1550 1550 1551 1548 1548 1548 1547 1547 1546 1546 1546 1546 3050
2495 2495 2495 2495 2496 2496 2459 2459 2459 2458 2458 2458 2460 2757 2757 2757 2467 2467 2467 2470 2518 327 327 329 328 328 328 402 402 402 402 402 402 402 343 343 343 362 362 362 363 361 360 385 385 385 385 387 383 388 388 252 252 254 254 254 255 256 256 256 226 225 225 225 1563 1563 1563 1563 1540 1549 1549 1548 1548 1545 1545 1546 1546 3050 3050 3050
2495 2495 2495 2454 2455 2455 2456 2456 2457 2457 2758 2758 2758 2758 2757 2757 2757 2755 2752 2752 2754 327 327 330 330 330 402 402 402 402 402 402 402 402 343 343 343 343 343 343 362 361 359 359 358 358 388 388 388 388 388 252 252 252 252 252 254 256 256 256 226 226 226 1563 1563 1563 1563 1563 1540 1540 1540 1542 1542 1543 1543 1544 3050 3050 3050 3050
2495 2495 2453 2454 2455 2455 2455 2455 2457 2457 2759 2759 2759 2756 2757 2757 2755 2755 2755 2429 2754 2754 2753 2753 333 333 332 332 402 402 402 343 402 343 343 343 343 343 343 343 343 343 357 357 358 358 358 358 388 388 252 252 252 252 252 252 253 254 227 227 227 226 228 1563 1563 1563 1563 1540 1540 1540 1542 1542 1542 1542 1544 1544 3190 3190 3050 3050
2495 2453 2453 2454 2455 2455 2455 2439 2457 2438 2438 2759 2759 2760 2756 2756 2756 2429 2429 2429 2429 2753 2753 2753 2424 2424 2424 333 333 334 402 343 343 343 343 343 343 343 343 343 343 343 343 343 343 343 356 388 388 388 252 252 252 252 252 253 252 252 227 227 227 227 228 228 228 1563 1563 1539 1539 1540 1541 1541 1541 1541 1544 1544 3190 3190 3050 3050
