Datasets/da_id.asc
ncols         383
nrows         239
xllcorner     -73.976723696231
yllcorner     45.396293541168
cellsize      0.0013089085639051
NODATA_value  -9999
[rows 140 to 174 of 239, columns 160 to 239 of 383]
-9999 -9999 -9999 -9999 -9999 -9999 -9999 -9999 -9999 -9999 -9999 -9999 -9999 -9999 -9999 -9999 -9999 -9999 -9999 -9999 -9999 2764 2269 2269 2269 2269 2269 2269 2269 2269 2271 2271 2272 2272 2294 2294 2294 2282 2282 2282 2282 3017 3017 3017 2285 2285 2296 2296 544 3117 3117 3123 3123 3123 541 540 540 538 538 538 536 536 536 536 535 535 519 519 518 518 518 517 516 512 512 1468 1468 1468 1468 1468
-9999 -9999 -9999 -9999 -9999 -9999 -9999 -9999 -9999 -9999 -9999 -9999 -9999 -9999 -9999 -9999 -9999 -9999 -9999 -9999 2274 2764 2764 2764 2269 2269 2269 2270 2269 2269 2270 2271 2293 2293 2292 2294 2294 2294 2295 2295 2295 2288 2288 2288 2288 544 544 3117 3117 3118 3118 3123 3123 3123 3123 538 538 538 538 538 532 536 536 536 535 535 535 519 518 518 518 518 517 3026 512 1468 1468 1468 1468 1468
-9999 -9999 -9999 -9999 -9999 -9999 -9999 -9999 -9999 -9999 -9999 -9999 -9999 -9999 -9999 -9999 -9999 -9999 -9999 2766 2766 2274 2764 2764 2764 2764 2268 2268 2270 2270 2270 2267 2291 2292 2294 2294 2294 2294 2295 2295 2288 2288 2288 2288 2288 2288 3118 3118 3119 3119 3119 3121 3121 3121 3121 3122 3122 3122 532 532 532 532 533 533 534 535 520 520 519 518 518 518 517 1470 3026 1468 1468 1468 1468 1468
-9999 -9999 -9999 -9999 -9999 -9999 -9999 -9999 -9999 -9999 -9999 -9999 -9999 -9999 -9999 -9999 -9999 -9999 -9999 2766 2766 2765 2765 2765 2764 2268 2268 2268 2268 2270 2270 2267 2290 2291 2290 2292 2292 2292 2288 2288 2288 2288 2288 2288 2288 3156 3156 3119 3119 3120 3120 3119 3121 3121 3121 529 531 531 531 532 3042 3042 533 533 533 533 520 520 521 521 521 521 1470 1469 3026 1468 1468 1468 1468 1468
-9999 -9999 -9999 -9999 -9999 -9999 -9999 -9999 -9999 -9999 -9999 -9999 -9999 -9999 -9999 -9999 -9999 -9999 -9999 2766 2765 2765 2765 2765 2765 2268 2268 2266 2268 2267 2267 2267 2290 2290 2290 2288 2288 2288 2288 2288 2288 2288 3156 3156 3156 3156 3156 3156 3119 3119 3119 3120 3120 3121 546 546 529 529 531 531 3042 3042 3042 533 533 533 533 521 521 521 521 3228 3228 3228 3227 1468 1468 1468 1468 1468
-9999 -9999 -9999 -9999 -9999 -9999 -9999 -9999 -9999 -9999 -9999 -9999 -9999 -9999 -9999 -9999 -9999 2766 2765 2765 2765 2765 2765 2765 2765 2765 2765 2266 2266 2266 2266 2288 2288 2288 2288 2288 2288 2288 2288 2288 2288 3156 3156 3156 3156 3156 3156 3156 3156 3119 3119 3119 3120 547 545 546 546 546 529 530 531 3042 3042 522 522 522 522 522 521 523 523 3228 3228 3228 3227 1468 1468 1468 1468 1468
-9999 -9999 -9999 -9999 -9999 -9999 -9999 -9999 -9999 2766 2766 2766 -9999 -9999 2766 2766 2766 2766 2765 2765 2765 2765 2765 2765 2765 2765 2765 2765 2266 2266 2266 2266 2288 2288 2289 2288 2288 2288 2288 3156 3156 3156 3156 3156 3156 3156 3156 3157 3157 3158 3158 3119 547 547 547 545 546 546 529 529 530 527 526 3042 3042 522 522 522 523 523 3228 3228 3228 3228 3228 1468 1468 1468 1468 1468
-9999 -9999 -9999 -9999 -9999 -9999 -9999 -9999 2766 2766 2766 2766 -9999 2766 2766 2766 2765 2765 2765 2765 2765 2765 2765 2765 2765 2765 2765 2765 2765 2265 2265 2265 2265 2289 2289 2289 2289 2289 3156 3156 3156 3156 3156 3156 3156 3156 3157 3158 3158 3158 3158 3158 3158 3158 547 547 548 548 548 528 3028 3028 525 525 525 3042 522 523 523 523 3228 3228 3228 3228 3228 1468 1468 1468 1468 1468
-9999 -9999 -9999 -9999 -9999 -9999 -9999 -9999 2766 2766 2766 -9999 -9999 2766 2766 2766 2765 2765 2765 2765 2765 2765 2765 2765 2765 2765 2765 2265 2265 2265 2265 2265 2265 2264 2264 2289 3156 3156 3156 3156 3156 3156 3156 3156 3156 3156 3157 3158 3158 3158 3158 3158 3158 3158 3158 547 547 547 549 549 528 525 525 525 525 566 566 524 524 3228 3228 3228 3228 3228 3228 1468 1468 1468 1468 1467
-9999 -9999 -9999 -9999 -9999 -9999 -9999 -9999 -9999 -9999 -9999 -9999 2766 2766 2767 2765 2765 2765 2765 2765 2765 2765 3165 2765 2765 3165 2265 2265 2265 2265 2265 2264 2264 2264 2264 2264 3156 3156 3156 3156 3156 3156 3156 3159 3159 3159 3158 3158 3158 3158 3158 3158 3158 3158 3158 3158 547 547 549 549 569 569 525 568 568 566 566 566 524 565 3228 3228 3228 3228 3228 1468 1468 1468 1468 1467
-9999 -9999 -9999 -9999 -9999 -9999 -9999 2766 2766 -9999 -9999 2766 2766 2767 2767 2767 2765 2765 2765 2765 3165 3165 3165 3165 3165 3165 3165 3162 3162 3162 3162 3162 3156 3156 3156 3156 3156 3156 3156 3156 3156 3156 3156 3159 3159 3167 3160 3160 3160 3158 3158 3158 3158 3158 3158 3158 3158 569 569 549 569 569 569 568 568 568 566 566 564 565 565 565 3228 3228 3228 1468 1468 1467 1467 1467
-9999 -9999 -9999 -9999 -9999 -9999 2766 -9999 2766 2766 2766 2766 2767 2767 2765 2765 2765 2765 2765 3165 3165 3165 3165 3165 3165 3165 3162 3162 3162 3162 3162 3162 3156 3156 3156 3156 3156 3156 3156 3156 3156 3156 3167 3167 3167 3166 3167 3161 3161 3161 3161 3161 3158 3158 3158 3158 550 550 550 569 569 569 569 568 568 567 567 566 564 564 565 565 565 3228 1468 1468 1468 1466 1466 1467
-9999 -9999 -9999 2769 2769 2766 2766 2766 2766 2767 2767 2767 2767 2767 2767 2765 3165 3165 3165 3165 3165 3165 3165 3165 3165 3162 3162 3162 3162 3162 3162 3162 3162 3164 3164 3164 3164 3156 3156 3156 3156 3166 3166 3166 3166 3166 3161 3161 3161 3161 3161 3161 3161 2255 3158 550 551 551 551 550 552 552 569 567 567 567 563 563 564 564 564 564 565 571 571 1468 1466 1466 1466 1466
2769 2769 2769 2769 2769 2768 2768 2768 2767 2767 2767 2767 2767 2767 3165 3165 3165 3165 3165 3165 3165 3165 3165 3163 3163 3163 3162 3162 3162 3164 3164 3164 3164 3164 3164 3164 3164 3164 3164 3156 3166 3166 3166 3166 3166 3161 3161 3161 3161 3161 3161 3161 3161 2255 2255 551 551 551 551 552 552 552 554 569 570 570 570 563 563 562 562 562 562 571 571 571 571 571 571 571
2768 2768 2768 2768 2768 2768 2768 2768 2767 3165 3165 3165 3165 3165 3165 3165 3165 3165 3165 3165 3165 3165 3163 3163 3163 3163 3162 3162 3162 3164 3164 3164 3164 3164 3164 3164 3164 3164 3164 3165 3165 3166 3166 3166 3161 3161 3161 3161 3161 3161 3161 3161 2254 2255 2258 2258 551 552 552 553 552 554 554 554 570 570 570 570 562 562 562 3193 3193 3193 571 571 571 571 571 571
2768 2768 2768 2768 2768 2768 2768 2768 2768 2768 3165 3165 3165 3165 3165 3165 3165 3165 3165 3165 3165 3165 3165 3163 3163 3163 3163 3162 3162 3162 3164 3164 3164 3164 3164 3164 3165 3165 3165 3165 3165 3165 3161 3161 3161 3161 3161 3161 3161 3161 2254 2255 2255 2256 2258 2257 2259 553 553 553 553 554 554 554 554 554 570 560 561 561 3193 3193 3193 3193 3193 571 571 571 572 572
2768 2768 2768 2768 2768 2768 2768 2768 2768 2768 2768 2768 3165 3165 3165 3165 3165 3165 3165 3165 3165 3165 3165 3165 3163 3163 3163 3163 3163 3164 3165 3165 3165 3165 3165 3165 3165 3165 3165 3165 3165 3165 3161 3161 3161 3161 3161 3161 2253 2252 2251 2252 2252 2257 2257 2259 2259 2260 2259 2260 553 553 555 554 554 554 560 560 561 3193 3193 3193 3193 3193 3193 3193 571 571 572 572
2768 2768 2768 2768 2768 2768 2768 2768 2768 2768 3165 3165 3165 3165 3165 3165 3165 3165 3165 3165 3165 3165 3165 3165 3165 3165 3163 3163 3165 3165 3165 3165 3165 3165 3165 3165 3165 3165 3165 3165 3165 3161 3161 3161 3161 3161 3161 3053 3053 2251 2249 2251 2251 2257 3058 2259 2260 2260 2260 2260 2260 2260 555 555 556 556 556 559 3194 3194 3194 3194 3194 3193 3193 3194 3194 3194 572 572
3165 3165 3165 3165 2768 2768 3165 3165 3165 3165 3165 3165 3165 3165 3165 3165 3165 3165 3165 3165 3165 3165 3165 3165 3165 3165 3165 3165 3165 3165 3165 3165 3165 3165 3165 3165 3165 3165 3165 3165 3161 3161 3161 3161 3161 3161 3161 3161 2248 3053 2249 2250 2250 2263 2263 3058 2261 2261 2261 2261 2260 557 557 556 556 556 559 559 559 3194 3194 3194 3194 3194 3194 572 572 572 572 572
3165 3165 3165 3165 3165 3165 3165 3165 3165 3165 3165 3165 3165 3165 3165 3165 3165 3165 3165 3165 3165 3165 3165 3165 3165 3165 3165 3165 3165 3165 3165 3165 3165 3165 3165 3165 3165 3165 3161 3161 3161 3161 3161 3161 3161 3161 3161 3161 3161 2248 2248 2263 2263 2263 2263 3058 2261 2261 2261 2261 2261 557 557 557 556 559 559 559 3194 3194 3194 3194 3194 3194 3194 572 572 572 572 572
3165 3165 3165 3165 3165 3165 3165 3165 3165 3165 3165 3165 3165 3165 3165 3165 3165 3165 3165 3165 3165 3165 3165 3165 3165 3165 3165 3165 3165 3165 3165 3165 3165 3165 3165 3165 3161 3161 3161 3161 3161 3161 3161 3161 3161 3161 3161 3161 3161 3161 2247 2247 2247 2247 2247 2262 2262 2262 2261 2261 2261 557 557 557 3027 559 559 3056 3194 3194 3194 3194 3194 3194 572 572 572 572 572 572
3165 3165 3165 3165 3165 3165 3165 3165 3165 3165 3165 3165 3165 3165 3165 3165 3165 3165 3165 3165 3165 3165 3165 3165 3165 3165 3165 3165 3165 3165 3165 3165 3165 3165 3165 3161 3161 3161 3161 3161 3161 3161 3161 3161 3161 3161 3161 3161 3161 3161 3161 2247 2247 3059 3059 3059 2262 3059 3059 3059 3059 558 558 558 3027 3056 3056 3056 3057 3057 3194 3194 572 572 572 572 572 572 572 572
3165 3165 3165 3165 3165 3165 3165 3165 3165 3165 3165 3165 3165 3165 3165 3165 3165 3165 3165 3165 3165 3165 3165 3165 3165 3165 3165 3165 3165 3165 3165 3165 3165 3165 3165 3161 3161 3161 3161 3161 3161 3161 3161 3161 3161 3161 3161 3161 3161 3161 3161 3059 3059 3059 3059 3059 3059 3059 3059 3059 3059 3059 558 3059 3059 3057 3057 3057 3057 3057 572 572 572 572 572 572 572 572 572 572
3165 3165 3165 3165 3165 3165 3165 3165 3165 3165 3165 3165 3165 3165 3165 3165 3165 3165 3165 3165 3165 3165 3165 3165 3165 3165 3165 3165 3165 3165 3165 3165 3165 3165 3161 3161 3161 3161 3161 3161 3161 3161 3161 3161 3161 3161 3161 3161 3161 3161 3161 3161 3059 3059 3059 3059 3059 3059 3059 3059 3059 3059 3057 3057 3057 3057 3057 3161 3161 572 572 572 572 572 572 572 572 572 572 572
3165 3165 3165 3165 3165 3165 3165 3165 3165 3165 3165 3165 3165 3165 3165 3165 3165 3165 3165 3165 3165 3165 3165 3165 3165 3165 3165 3165 3165 3165 3165 3165 3165 3161 3161 3161 3161 3161 3161 3161 3161 3161 3161 3161 3161 3161 3161 3161 3161 3161 3161 3161 3059 3059 3059 3059 3059 3161 3161 3161 3161 3161 3161 3161 3161 3161 3161 3161 572 572 572 572 572 572 572 572 572 572 572 572
2228 3165 3165 3165 3165 3165 3165 3165 3165 3165 3165 3165 3165 3165 3165 3165 3165 3165 3165 3165 3165 3165 3165 3165 3165 3165 3165 3165 3165 3165 3165 3165 3161 3161 3161 3161 3161 3161 3161 3161 3161 3161 3161 3161 3161 3161 3161 3161 3161 3161 3161 3161 3161 3161 3161 3161 3161 3161 3161 3161 3161 3161 3161 3161 3161 3161 3161 572 572 572 572 572 572 572 572 572 572 572 572 572
2228 2228 3165 3165 3165 3165 3165 3165 3165 3165 3165 3165 3165 3165 3165 3165 3165 3165 3165 3165 3165 3165 3165 3165 3165 3165 3165 3165 3165 3165 3165 3165 3161 3161 3161 3161 3161 3161 3161 3161 3161 3161 3161 3161 3161 3161 3161 3161 3161 3161 3161 3161 3161 3161 3161 3161 3161 3161 3161 3161 3161 3161 3161 3161 572 572 572 572 572 572 572 572 572 572 572 572 572 572 572 572
2228 3165 3165 3165 3165 3165 3165 3165 3165 3165 3165 3165 3165 3165 3165 3165 3165 3165 3165 3165 3165 3165 3165 3165 3165 3165 3165 3165 3165 3165 3165 3165 3161 3161 3161 3161 3161 3161 3161 3161 3161 3161 3161 3161 3161 3161 3161 3161 3161 3161 3161 3161 3161 3161 3161 3161 3161 3161 3161 3161 3161 3161 572 572 572 572 572 572 572 572 3188 3188 572 572 572 572 572 572 572 572
2228 3165 3165 3165 3165 3165 3165 3165 3165 3165 3165 3165 3165 3165 3165 3165 3165 3165 3165 3165 3165 3165 3165 3161 3165 3161 3161 3161 3161 3161 3161 3161 3161 3161 3161 3161 3161 3161 3161 3161 3161 3161 3161 3161 3161 3161 3161 3161 3161 3161 3161 3161 3161 3161 3161 3161 3161 3161 3161 3161 3161 3161 3161 572 572 572 572 572 572 572 3188 3188 3188 3188 3188 572 572 572 572 3188
2228 3165 3165 3165 3165 3165 3165 3165 3165 3165 3165 3165 3165 3165 3165 3165 3165 3165 3165 3165 3165 3165 3161 3161 3161 3161 3161 3161 3161 3161 3161 3161 3161 3161 3161 3161 3161 3161 3161 3161 3161 3161 3161 3161 3161 3161 3161 3161 3161 3161 3161 3161 3161 3161 3161 3161 3161 3161 3161 3161 3161 3161 3161 3161 3161 572 572 572 572 572 3188 3188 3188 3188 3188 3188 572 572 3188 3188
2228 3165 3165 3165 3165 3165 3165 3165 3165 3165 3165 3165 3165 3165 3165 3165 3165 3165 3165 3165 3165 3165 3165 3161 3161 3161 3161 3161 3161 3161 3161 3161 3161 3161 3161 3161 3161 3161 3161 3161 3161 3161 3161 3161 3161 3161 3161 3161 3161 3161 3161 3161 3161 3161 3161 3161 3161 3161 3161 3161 3161 3161 3161 3161 3161 3161 572 572 572 3188 3188 3188 3188 3188 3188 3188 3188 3188 3188 3188
3165 3165 3165 3165 3165 3165 3165 3165 3165 3165 3165 3165 3165 3165 3165 3165 3165 3165 3165 3161 3161 3161 3161 3161 3161 3161 3161 3161 3161 3161 3161 3161 3161 3161 3161 3161 3161 3161 3161 3161 3161 3161 3161 3161 3161 3161 3161 3161 3161 3161 3161 3161 3161 3161 3161 3161 3161 3161 3161 3161 3161 3161 3161 3161 3161 3161 3161 3161 3161 3188 3188 3188 3188 3188 3188 3188 3188 3188 3188 3188
3165 3165 3165 3165 3165 3165 3165 3165 3165 3165 3165 3165 3165 3165 3165 3165 3165 3165 3161 3161 3161 3161 3161 3161 3161 3161 3161 3161 3161 3161 3161 3161 3161 3161 3161 3161 3161 3161 3161 3161 3161 3161 3161 3161 3161 3161 3161 3161 3161 3161 3161 3161 3161 3161 3161 3161 3161 3161 3161 3161 3161 3161 3161 3161 3161 3161 3161 3161 3161 3188 3188 3188 3188 2242 2242 2242 3188 3188 3188 3188
3165 3165 3165 3165 3165 3165 3165 3165 3165 3165 3165 3165 3165 3165 3165 3165 3161 3161 3161 3161 3161 3161 3161 3161 3161 3161 3161 3161 3161 3161 3161 3161 3161 3161 3161 3161 3161 3161 3161 3161 3161 3161 3161 3161 3161 3161 3161 3161 3161 3161 3161 3161 3161 3161 3161 3161 3161 3161 3161 3161 3161 3161 3161 3161 3161 3161 3161 3161 3161 2242 2242 2242 2242 2245 2245 2245 2242 2242 3188 3188
3165 3165 3165 3165 3165 3165 3165 3165 3165 3165 3165 3165 3165 3165 3165 3161 3161 3161 3161 3161 3161 3161 3161 3161 3161 3161 3161 3161 3161 3161 3161 2239 2239 2239 2239 2239 3161 3161 3161 3161 3161 3161 3161 3161 3161 3161 3161 3161 3161 3161 3161 3161 3161 3161 3161 3161 3161 3161 3161 3161 3161 3161 3161 3161 3161 3161 3161 3161 3161 2242 2242 2242 2245 2245 2245 2244 2242 2242 3154 3188
