Datasets/da_id.asc
ncols         383
nrows         239
xllcorner     -73.976723696231
yllcorner     45.396293541168
cellsize      0.0013089085639051
NODATA_value  -9999
[rows 105 to 139 of 239, columns 240 to 319 of 383]
2449 2453 2453 2452 2452 2452 2452 2439 2439 2438 2438 2436 2436 2436 2760 2760 2756 2429 2429 2429 2753 2753 2753 2426 2425 2425 2424 2423 333 333 335 343 343 343 343 343 343 343 343 343 343 343 343 343 343 356 356 356 356 356 252 250 250 250 251 250 250 233 227 227 227 229 229 229 228 1538 1538 1538 1539 1913 1913 1913 1913 1544 1544 3190 3190 3190 3050 3050
2449 2449 2450 2451 2451 2451 2439 2439 2437 2437 2438 2436 2436 2436 2760 2760 2430 2430 2430 2430 2433 2753 2427 2426 2426 2426 2422 2423 2423 336 335 340 340 341 342 343 343 343 343 343 343 343 343 343 355 355 355 355 248 356 249 249 249 250 250 250 233 233 233 233 229 229 229 1537 1537 1536 1536 1537 1911 1911 1912 1912 1912 1912 3190 3190 3190 3190 3189 3189
2449 2449 2451 2451 2451 2451 2451 2440 2440 2440 2435 2435 2435 2434 2434 2432 2432 2432 2431 2431 2433 2420 2420 2428 2427 2421 2421 2422 337 336 336 338 338 339 340 343 343 343 343 343 343 343 343 343 354 355 355 248 248 248 249 249 234 234 250 250 233 233 233 233 230 230 230 1535 1536 1536 1536 1911 1911 1911 1911 1911 3076 3076 3076 3076 3190 3190 3190 3190
2449 2451 2451 2446 2451 2451 2451 2441 2441 2435 2435 2435 2435 2434 2434 2432 2433 2433 2433 2433 2433 2420 2420 2420 2420 2420 2420 2419 2419 2419 2419 338 338 2419 2419 2419 343 343 343 343 343 343 343 354 354 354 354 354 248 248 248 249 234 234 234 234 233 233 3041 3041 231 3041 3041 1534 1535 1535 1535 1911 1911 1911 1910 1911 3076 3076 3076 3076 3076 3076 3076 3190
2449 2448 2446 2444 2444 2444 2444 2441 2441 2442 2442 2434 2434 2434 2433 2433 2433 2433 2433 2433 2420 2420 2420 2420 2420 2419 2419 2419 2419 2419 2419 2419 2419 2419 2419 346 346 345 345 345 345 345 352 352 352 353 353 354 246 246 246 234 234 234 234 234 234 234 232 232 232 232 1532 1532 1533 1911 1911 1911 1911 1910 1910 3076 3076 3076 3076 3076 3076 3076 3076 3076
2448 2447 2446 2445 2445 2443 2443 2443 2443 2442 2442 2381 2381 2381 2433 2433 2433 2433 2433 2433 2420 2420 2420 2420 2420 2419 2419 2419 2419 2419 2419 2419 2419 2419 2419 348 348 347 347 347 345 350 350 352 352 353 353 245 246 245 247 247 236 236 235 235 235 1935 1935 1934 1934 1531 1531 1531 1907 1908 1908 1908 1908 1909 1910 3076 3076 3076 3076 3076 3076 3076 3076 3076
2368 2368 2445 2445 2379 2379 2379 2379 2379 2380 2380 2381 2382 2382 2382 2433 2433 2433 2420 2420 2420 2420 2420 2420 2419 2419 2419 2419 2419 2419 2419 2419 2419 2419 2419 2419 348 348 347 347 347 349 350 351 351 352 352 245 245 245 244 247 236 236 236 237 1527 1527 1936 1529 1529 1530 1530 1906 1906 1906 1907 1907 1905 3076 3076 3076 3076 3076 3076 3076 3076 3076 3076 3076
2369 2370 2370 2370 2372 2379 2379 2379 2379 2380 2381 2382 2382 2382 2384 2384 2384 2383 2385 2420 2420 2420 2420 2419 2419 2419 2419 2419 2419 2419 2419 2419 2419 2419 2419 2419 348 348 348 349 349 349 349 351 351 351 351 245 245 243 244 238 238 238 236 237 1527 1527 1527 1528 1528 1529 1529 1916 1916 1906 1906 1906 1905 3076 3076 3076 3076 3076 3076 3076 3076 3076 3076 3076
2367 2371 2371 2370 2372 2372 2372 2378 2379 2379 2379 2382 2382 2382 2384 2384 2384 2385 2385 2388 2388 2420 2420 2419 2419 2419 2419 2419 2419 2419 2419 2419 2419 2419 2419 2419 2419 2419 405 405 349 349 403 349 349 351 1358 1358 242 243 240 238 238 238 239 1527 1527 1527 1528 1528 1528 1528 1916 1916 1916 1914 1914 1914 1835 3076 3076 3076 3076 3076 3076 3076 3076 3076 3076 3076
2367 2371 2371 2373 2372 2372 2372 2378 2378 2378 2378 2382 2382 2382 2409 2409 2386 2384 2385 2388 2388 2388 3016 2419 2419 2419 2419 2419 2419 2419 2419 2419 2419 2419 2419 2419 2419 406 406 405 405 405 405 403 1359 403 403 403 1357 241 241 242 241 1525 1525 1527 1527 1527 1528 1528 1528 1528 1916 1916 1916 1915 1914 1914 1835 1835 1837 3076 3076 3076 3076 3076 3076 3076 3076 3076
2365 2375 2375 2373 2373 2378 2378 2378 2377 2378 2406 2382 2409 2409 2409 2409 2386 2386 2388 2388 2388 3016 3016 2389 2389 2419 2419 2419 2419 2419 2419 2419 2419 2419 2419 2419 2419 2417 408 406 406 405 1361 1361 1360 1359 1357 1357 1357 1488 1488 1488 1526 1526 1526 1526 1524 1524 1524 1524 1524 1916 1916 1916 1916 1833 1833 1833 1833 1836 1836 1838 1838 3076 3076 3076 3076 3076 3076 3076
2322 2322 2374 2374 2376 2376 2376 2376 2377 2406 2406 2408 2408 2408 2407 2386 2386 2386 2387 2387 2387 2393 3016 2389 2389 2389 2419 2419 2419 2419 2419 2419 2419 2419 2419 2419 2417 408 407 407 407 1361 1361 1360 1360 1360 1357 1357 1357 1488 1488 1488 1489 1489 1489 1526 1522 1523 1523 1916 1916 1916 1916 1916 1916 1832 1832 1832 1842 1842 1843 1839 1903 1903 1903 1904 1897 1896 1896 3076
2322 2322 490 490 490 2376 2377 2377 2377 2406 2406 2406 2407 2407 2407 2407 2408 2406 2406 2394 2394 2393 2393 2393 2393 2390 2390 2390 2392 2392 2419 2419 2419 2417 2417 2417 2417 2417 409 407 407 409 407 1361 1360 1356 1356 1356 1355 1488 1488 1489 1489 1489 1489 1522 1522 1522 1917 1523 1917 1917 1916 1916 1831 1831 1832 1832 1842 1842 1840 1840 1902 1902 1902 1903 1897 1897 1897 1875
2322 491 491 490 490 490 488 488 2377 2406 2406 2406 2406 2406 2406 2406 2406 2406 2394 2394 2394 2394 2394 2393 2391 2391 2391 2391 2392 2392 2411 2410 2418 2414 2414 2414 2414 410 410 409 409 409 1363 1363 1362 1354 1354 1354 1355 1355 1355 1489 1489 1521 1521 1521 1522 1522 1917 1917 1917 1917 1918 1918 1830 1831 1831 1844 1844 1842 1841 1901 1901 1901 1901 1898 1898 1897 1874 1874
2322 491 491 489 489 489 488 488 487 487 485 2406 2406 2406 2406 2406 2406 2406 2394 2394 2394 2394 2394 2394 2392 2392 2392 2392 2392 2410 2410 2411 2411 2413 2413 2414 2415 2415 412 411 1364 1364 1363 1363 1363 1353 1353 1353 1353 1491 1491 1491 1519 1520 1520 1520 1520 1521 1521 1917 1918 1918 1918 1829 1829 1830 1845 1845 1845 1846 1846 1848 1848 1901 1901 1900 1899 1899 1873 1874
492 492 492 489 489 489 488 488 487 487 485 485 484 2406 2406 2406 2406 2406 2394 2394 2394 2394 2394 2394 2394 2392 2392 2392 2410 2410 2410 2410 2412 2412 2412 2413 2413 414 413 412 411 411 1364 1364 1363 1352 1352 1353 1353 1492 1492 1491 1518 1519 1519 1519 1813 1813 1813 1918 1918 1918 1919 1919 1826 1827 1827 1827 1827 1847 1847 1848 1848 1900 1900 1900 1900 1872 1872 1873
493 493 493 492 489 489 480 480 480 486 485 483 483 2404 2404 2404 2405 2395 2395 2394 2394 2394 2394 2394 2394 448 448 448 448 448 2410 2761 2761 2412 2412 2412 416 415 414 413 1366 1366 1365 1365 1351 1352 1352 1493 1493 1493 1493 1517 1518 1518 1812 1812 1812 1813 1814 1814 1921 1921 1921 1920 1920 1825 1826 1849 1849 1849 1847 1848 1900 1900 1900 1900 1869 1869 1871 1871
493 493 493 489 489 489 480 480 480 480 486 482 482 2404 2404 2404 2403 2395 2395 2395 2396 2396 2396 449 449 449 446 446 446 448 2762 2762 2762 2763 2761 2761 417 416 416 1368 1367 1367 1366 1350 1350 1351 1351 1494 1494 1494 1494 1517 1517 1517 1810 1810 1812 1812 1811 1814 1815 1815 1815 1921 1921 1825 1825 1850 1850 1850 1849 1849 3140 3140 1868 1868 1868 1869 1870 1883
494 494 494 489 489 480 480 480 480 480 480 480 482 481 481 481 2403 2403 2403 2397 2396 2396 2396 451 450 449 446 446 446 443 443 2762 2762 422 421 421 420 419 1370 1370 1370 1370 1347 1348 1349 1497 1497 1497 1495 1495 1516 1516 1516 1808 1809 1809 1810 1810 1811 1816 1816 1818 1818 1823 1823 1824 1824 1852 1852 1851 1849 3140 3140 3141 3142 3142 3142 3143 1870 1883
499 499 499 489 489 480 480 480 480 480 480 480 480 480 481 481 2402 2402 2402 2397 2397 2397 452 451 450 445 445 444 444 443 442 443 2762 423 422 422 421 421 1371 1370 1370 1370 1346 1347 1348 1498 1497 1497 1497 1513 1514 1514 1923 1922 1922 1922 1807 1808 1806 1806 1817 1818 1818 1818 1822 1822 1854 1853 1853 1853 1855 1856 3141 3141 3142 3142 3142 3143 1630 1630
499 499 499 499 475 475 475 475 475 480 480 480 480 480 2402 2402 2402 2402 2398 2398 2398 2398 453 452 461 461 445 444 444 441 442 442 424 424 423 423 423 422 1371 1371 1344 1345 1345 1345 1499 1498 1498 1512 1512 1512 1512 1513 1924 1923 1923 1923 1807 1806 1806 1806 1865 1818 1818 1820 1820 1857 1857 1858 1857 1857 3144 3144 3144 3144 3144 3144 3141 3143 1630 1630
499 499 499 499 475 475 475 475 475 478 478 479 480 480 480 480 480 2401 2400 2400 454 454 454 453 460 461 462 462 462 441 441 441 425 425 424 424 1372 1372 1371 1342 1343 1344 1344 1344 1499 1499 1498 1511 1511 1511 1512 1926 1925 1924 1924 1924 1923 1806 1806 1865 1865 1865 1865 1865 1820 1857 1857 1857 1857 1857 3144 3144 3144 3144 3144 3144 3144 1631 1631 1631
499 499 499 475 475 475 475 477 477 478 478 479 479 469 469 469 469 2401 2401 2401 455 455 455 458 459 464 464 463 463 438 439 427 427 1377 1374 1374 1373 1373 1372 1341 1342 1343 1343 1501 1500 1499 1509 1510 1511 1511 1801 1927 1926 1926 1926 1926 1805 1805 1806 1865 1865 1865 1865 1865 1865 1865 1857 1857 3144 3144 3144 3144 3144 3144 3144 3144 3144 1631 1631 1631
499 499 499 475 475 475 475 477 477 477 472 479 479 469 469 469 468 468 468 456 456 457 457 458 458 465 464 436 437 437 430 429 428 1376 1374 1374 1375 1375 1340 1340 1340 1503 1503 1503 1502 1506 1507 1508 1929 1929 1928 1928 1801 1927 1926 1803 1803 1804 1804 1865 1865 1865 1865 1860 1860 1860 1860 1857 3144 3144 3144 3144 3144 3144 3144 3144 3144 1631 1631 1632
499 499 499 475 475 475 475 476 476 477 472 472 470 470 469 469 468 468 468 468 468 457 457 457 466 465 465 435 435 435 431 430 1379 1378 1378 1378 1376 1376 1338 1338 1339 1339 1339 1339 1504 1504 1506 1322 1322 1322 1929 1801 1801 1801 1801 1801 1801 1866 1866 1674 1860 1864 1864 1863 1860 1860 1860 1663 1663 1663 1859 1859 1859 1859 1859 1859 1859 1859 1631 1632
499 475 475 475 475 475 475 475 474 474 474 473 473 470 468 468 468 468 467 467 467 467 467 467 3085 466 434 434 435 435 432 432 1379 1379 1382 1382 1382 1383 1383 1337 1338 1339 1339 1339 1505 1505 1504 1323 1323 1323 1322 1801 1801 1801 1801 1801 1801 1801 1675 1674 1672 1864 1864 1864 1863 1862 1861 1664 1663 1663 1663 1662 1662 1655 1859 1859 1859 1859 1642 1642
3096 3096 3096 3096 475 475 475 475 474 474 474 473 473 468 468 468 468 468 468 468 468 467 467 3085 3085 3085 3085 434 433 433 433 1380 1380 1380 1381 1382 1382 3182 1383 1335 1337 1338 1338 1336 1505 1505 1325 1324 1324 1324 1320 1321 1321 1800 1801 1801 1801 1801 1675 1675 1674 1674 1672 1672 1862 1667 1666 1665 1664 1664 1661 1662 1662 1655 1655 1859 1859 1859 1643 1642
3096 3096 3096 3096 3096 3096 3096 3096 3096 3096 3096 474 474 468 468 468 468 468 468 468 468 468 468 3085 3085 3085 3085 3085 3085 3085 3085 1391 1391 1391 1388 3183 3183 3183 3183 1384 1384 1334 1336 1336 1336 1505 1325 1325 1319 1319 1319 1319 1800 1800 1800 1800 1800 1677 1677 1676 1675 1673 1672 1672 1671 1667 1667 1667 1666 1661 1661 1661 1656 1655 1655 1654 1654 1654 1643 1643
3096 3096 3096 3096 3096 3096 3096 3096 3096 3096 3096 3096 3096 1472 1472 468 468 468 468 468 468 3085 3085 3085 3085 3085 3085 3085 3085 3085 1391 1391 1391 1389 1388 1388 1388 1388 1385 1385 1333 1333 1334 1334 1327 1327 1326 1316 1316 1316 1318 1317 1800 1800 1680 1680 1680 1679 1678 1677 1677 1673 1673 1673 1671 1669 1669 1668 1659 1660 1660 1658 1657 1657 1653 1654 1654 1644 1644 1645
3096 3096 3096 3096 3096 3096 3096 3096 3096 3096 3096 3096 1473 1472 1472 1476 1476 1476 1476 1422 1422 3085 3085 3085 3085 3085 3085 3085 3085 3085 1391 1391 1391 1390 1389 1387 1387 1386 1386 1385 1331 1332 1333 1333 1328 1328 1327 1487 1487 1316 1316 1317 1317 1313 1313 1680 1680 1680 1680 1680 1679 1759 1759 1759 1757 1758 1670 1761 1743 1743 1659 1659 1658 1651 1652 1653 1646 1646 1646 1645
3096 3096 3096 3096 3096 3096 3096 3096 3096 3096 3096 1431 1429 1430 1431 1424 1424 1475 1423 1423 1422 3015 3015 3015 3015 3015 3085 3085 3085 1391 1391 1391 1390 1390 1390 1390 1390 1387 1387 1485 1485 1331 1329 1329 1329 1328 1486 1487 1487 1316 1316 1316 1316 1313 1313 1313 1313 1313 1680 1681 1681 1682 1751 1751 1757 1757 1761 1761 1744 1743 1743 1743 1741 1741 1650 1649 1648 1648 1648 1729
3096 3096 3096 3096 3096 3096 3096 3096 3096 3096 3096 1434 1432 1432 1428 1428 1428 1424 1425 1424 1420 1420 1413 1413 1412 1412 1410 1410 1392 1392 1392 1479 1390 1390 1390 1390 1390 1484 1484 1484 1485 1486 1486 1486 1330 1486 1486 1486 1486 1316 1316 1316 1314 1314 1313 1312 1313 1313 1313 1313 1682 1752 1751 1751 1751 1758 1762 1762 1745 1744 1744 3081 1742 1739 1740 1650 1648 1648 1729 1729
1468 3096 3096 3096 3096 3096 3096 3096 3096 1434 1434 1434 1434 1434 1434 1433 1433 1426 1426 1425 1419 1419 1415 1415 1414 1408 1408 1409 1394 1393 1393 1479 1479 1479 1479 1483 1483 1483 1483 1483 1483 1484 1484 1484 1486 1486 1486 1486 1486 1486 1486 1250 1314 1314 1314 1309 1312 1312 1311 1311 1683 1753 1753 1752 1752 1750 1750 1746 1746 1745 1745 3081 3081 1738 1738 1732 1731 1731 1730 1729
1468 1468 1468 1468 1468 3096 3096 3096 3096 1434 1434 1434 1434 1434 1434 1435 1435 1435 1427 1418 1418 1419 1416 1416 1415 1406 1406 1407 1394 1480 1480 1481 1482 1479 1479 1483 1483 1483 1483 1483 1483 1246 1246 1246 1246 1246 1250 1250 1250 1250 1250 1250 1250 1315 1308 1309 1310 1310 1685 1685 1683 1754 1754 1749 1749 1749 1750 1747 1746 3081 3081 3081 3081 3081 3081 1732 1732 1732 1730 1730
1468 1468 1468 1468 1468 1468 1468 1466 1466 1434 1434 1434 1434 1434 1434 1435 1435 1435 1436 1436 1434 1417 1416 1416 1403 1404 1405 1395 1395 1396 1396 1396 1480 1479 1239 1239 1483 1483 1483 1483 1246 1244 1245 1246 1246 1246 1249 1249 1250 1251 1251 1250 1250 1306 1308 1307 1307 1307 1686 1686 1688 1688 1690 1756 1756 1693 1693 1748 3081 3081 3081 3081 3081 3081 3081 1733 1732 1732 1732 1732
