Datasets/europian.asc
ncols         383
nrows         239
xllcorner     -73.976723696231
yllcorner     45.396293541168
cellsize      0.0013089085639051
NODATA_value  -9999
[rows 152 to 189 of 239, columns 168 to 251 of 383]
10 45 45 45 45 45 45 45 70 70 70 70 70 70 70 70 70 105 105 105 105 105 105 105 105 165 165 165 165 320 320 320 320 60 60 60 60 60 50 50 50 50 50 50 50 90 60 50 60 60 60 50 105 105 60 25 25 25 35 35 25 25 25 25 50 85 85 45 70 70 70 70 70 25 35 35 25 25 45 45 45 45 10 10
45 45 45 45 45 45 70 70 70 70 70 70 70 70 70 75 75 75 105 105 105 165 165 165 165 165 165 165 165 165 165 320 60 60 60 60 60 50 50 50 50 50 50 50 50 90 90 60 60 60 60 105 105 105 90 60 15 15 15 35 35 20 20 20 20 85 85 85 85 85 85 85 25 25 35 35 35 35 45 45 45 45 25 10
45 70 70 70 70 70 70 70 70 70 70 70 70 70 75 75 75 75 105 105 105 165 165 165 165 165 165 165 165 165 165 70 70 60 60 60 50 50 50 50 50 50 50 50 115 90 35 35 60 105 105 50 105 90 90 90 15 15 15 15 20 20 20 105 105 105 85 85 85 85 85 85 175 175 175 35 45 45 45 45 45 25 25 25
70 70 70 70 70 70 70 70 70 70 70 70 70 70 70 75 75 75 75 105 105 105 165 165 165 165 165 165 70 70 70 70 70 70 50 50 50 50 50 50 50 50 115 90 90 35 35 70 20 50 50 50 50 90 90 90 90 90 15 35 55 55 105 105 105 105 105 85 85 85 175 175 175 175 50 50 50 50 45 45 25 25 25 15
70 70 70 70 70 70 70 70 70 70 70 70 70 70 70 70 75 75 75 75 75 165 70 70 70 70 70 70 70 70 70 70 70 70 50 50 50 50 50 50 55 20 70 20 20 70 70 20 20 20 20 20 50 50 45 90 90 90 35 35 55 105 105 105 105 105 105 105 85 85 175 175 175 175 90 50 50 50 50 50 50 15 15 15
70 70 70 70 70 70 70 70 70 70 70 70 70 70 70 70 70 70 75 75 70 70 70 70 70 70 70 70 70 70 70 70 70 50 50 50 50 50 50 120 120 70 15 70 70 70 25 20 20 20 20 20 20 20 45 45 55 55 55 40 30 30 30 30 30 105 105 30 30 30 175 175 175 175 90 90 90 90 90 90 90 45 50 50
70 70 70 70 70 70 70 70 70 70 70 70 70 70 70 70 70 70 70 70 70 70 70 70 70 70 70 70 70 70 70 70 50 50 50 50 50 50 50 50 80 120 15 40 40 55 55 25 10 10 10 10 20 15 15 55 55 55 40 40 40 30 30 30 30 30 30 175 175 175 175 175 175 90 90 90 90 90 90 90 90 45 45 45
70 70 70 70 70 70 70 70 70 70 70 70 70 70 70 70 70 70 70 70 70 70 70 70 70 70 70 70 70 70 50 50 50 50 50 50 50 50 50 50 50 80 80 55 55 55 55 25 10 10 10 10 10 15 15 15 55 40 40 40 30 30 30 30 30 30 30 175 175 175 175 175 175 90 90 90 90 90 90 170 170 170 45 0
70 70 70 70 70 70 70 70 70 70 70 70 70 70 70 70 70 70 70 70 70 70 70 70 70 70 70 70 50 50 50 50 50 50 50 50 50 50 50 50 50 50 65 65 65 65 65 10 10 10 10 10 10 15 15 15 55 40 40 60 30 30 30 30 30 30 175 175 175 175 175 175 15 15 15 15 170 170 170 170 215 215 215 0
70 70 70 70 70 70 70 70 70 70 70 70 70 70 70 70 70 70 70 70 70 70 70 70 70 70 70 50 50 50 50 50 50 50 50 50 50 50 50 50 50 50 50 65 65 75 75 75 10 75 75 75 75 15 15 15 55 60 60 60 135 135 30 30 175 175 175 175 175 175 175 175 175 15 15 15 15 170 170 170 215 215 80 80
70 70 70 70 70 70 70 70 70 70 70 70 70 70 70 70 70 70 70 70 70 70 70 70 70 70 70 50 50 50 50 50 50 50 50 50 50 50 50 50 50 50 50 75 75 75 75 75 75 75 75 75 75 75 15 75 75 135 135 135 135 135 175 175 175 175 175 175 175 175 175 175 175 175 15 15 15 15 15 215 215 215 80 80
70 70 70 70 70 70 70 70 70 70 70 70 70 70 70 70 70 70 70 70 70 70 70 70 70 70 50 50 50 50 50 50 50 50 50 50 50 50 50 50 50 50 50 50 75 75 75 75 75 75 75 75 75 75 135 135 135 135 135 50 50 175 175 175 175 175 175 175 175 175 175 175 175 175 175 175 0 0 0 215 80 80 80 20
70 70 70 70 70 70 70 70 70 70 70 70 70 70 70 70 70 70 70 70 70 70 70 70 70 50 50 50 50 50 50 50 50 50 50 50 50 50 50 50 50 50 50 50 75 75 75 75 75 50 50 50 50 50 50 50 50 50 50 50 175 175 175 175 175 175 175 175 175 175 175 175 175 175 175 175 0 0 0 0 0 80 80 80
70 70 70 70 70 70 70 70 70 70 70 70 70 70 70 70 70 70 70 70 70 70 70 70 50 50 50 50 50 50 50 50 50 50 50 50 50 50 50 50 50 50 50 50 50 50 50 50 50 50 50 50 50 50 50 50 50 50 50 175 175 175 175 175 175 175 175 175 175 175 175 175 175 175 175 0 0 0 0 0 0 110 80 25
70 70 70 70 70 70 70 70 70 70 70 70 70 70 70 70 70 70 70 70 70 70 70 70 50 50 50 50 50 50 50 50 50 50 50 50 50 50 50 50 50 50 50 50 50 50 50 50 50 50 50 50 50 50 50 50 175 175 175 175 175 175 175 175 175 175 175 175 175 175 175 175 175 175 0 0 0 0 0 0 110 110 110 30
70 70 70 70 70 70 70 70 70 70 70 70 70 70 70 70 70 70 70 70 70 70 70 70 50 50 50 50 50 50 50 50 50 50 50 50 50 50 50 50 50 50 50 50 50 50 50 50 50 50 50 50 50 50 175 175 175 175 175 175 175 175 0 0 175 175 175 175 175 175 175 175 175 0 0 0 0 0 0 0 110 110 55 55
70 70 70 70 70 70 70 70 70 70 70 70 70 70 70 50 70 50 50 50 50 50 50 50 50 50 50 50 50 50 50 50 50 50 50 50 50 50 50 50 50 50 50 50 50 50 50 50 50 50 50 50 50 50 50 175 175 175 175 175 175 175 0 0 0 0 0 175 175 175 175 0 0 0 0 0 0 0 45 45 110 0 55 65
70 70 70 70 70 70 70 70 70 70 70 70 70 70 50 50 50 50 50 50 50 50 50 50 50 50 50 50 50 50 50 50 50 50 50 50 50 50 50 50 50 50 50 50 50 50 50 50 50 50 50 50 50 50 50 50 50 175 175 175 175 175 0 0 0 0 0 0 175 175 0 0 0 0 0 0 0 45 45 45 0 0 0 35
70 70 70 70 70 70 70 70 70 70 70 70 70 70 70 50 50 50 50 50 50 50 50 50 50 50 50 50 50 50 50 50 50 50 50 50 50 50 50 50 50 50 50 50 50 50 50 50 50 50 50 50 50 50 50 50 50 50 175 175 175 0 0 0 0 0 0 0 0 0 0 0 0 0 0 0 0 45 40 40 0 0 35 35
70 70 70 70 70 70 70 70 70 70 70 50 50 50 50 50 50 50 50 50 50 50 50 50 50 50 50 50 50 50 50 50 50 50 50 50 50 50 50 50 50 50 50 50 50 50 50 50 50 50 50 50 50 50 50 50 50 50 50 50 50 0 0 0 0 0 0 0 0 0 0 0 0 0 0 0 0 45 40 0 0 35 35 35
70 70 70 70 70 70 70 70 70 70 50 50 50 50 50 50 50 50 50 50 50 50 50 50 50 50 50 50 50 50 50 50 50 50 50 50 50 50 50 50 50 50 50 50 50 50 50 50 50 50 50 50 50 50 50 50 50 50 50 50 50 0 0 0 0 95 95 95 0 0 0 0 0 0 0 0 0 40 40 40 40 35 35 35
70 70 70 70 70 70 70 70 50 50 50 50 50 50 50 50 50 50 50 50 50 50 50 50 50 50 50 50 50 50 50 50 50 50 50 50 50 50 50 50 50 50 50 50 50 50 50 50 50 50 50 50 50 50 50 50 50 50 50 50 50 95 95 95 95 110 110 110 95 95 0 0 0 0 0 0 0 40 25 25 25 25 25 65
70 70 70 70 70 70 70 50 50 50 50 50 50 50 50 50 50 50 50 50 50 50 50 10 10 10 10 10 50 50 50 50 50 50 50 50 50 50 50 50 50 50 50 50 50 50 50 50 50 50 50 50 50 50 50 50 50 50 50 50 50 95 95 95 110 110 110 75 95 95 85 0 85 85 85 0 0 30 30 30 30 25 25 65
70 70 70 50 50 50 50 50 50 50 50 50 50 50 50 50 50 50 50 50 50 50 50 10 10 10 10 10 10 10 50 50 50 50 50 50 50 50 50 50 50 50 50 50 50 50 50 50 50 50 50 50 50 50 50 50 50 50 50 95 95 95 95 95 110 110 110 75 75 130 130 85 130 130 85 85 0 30 30 30 30 25 55 55
50 50 50 50 50 50 50 50 50 50 50 50 50 50 50 50 50 50 50 50 50 50 10 10 10 10 10 10 10 10 10 50 50 50 50 50 50 50 50 50 50 50 50 50 50 50 50 50 50 50 50 50 50 50 50 50 50 50 50 95 95 95 95 95 95 15 215 215 75 130 130 130 125 125 125 130 130 30 30 30 30 25 55 55
50 50 50 50 50 50 50 50 50 50 50 50 50 50 50 50 50 50 50 50 50 10 10 10 10 10 10 10 10 10 10 10 50 50 50 50 50 50 50 50 50 50 50 50 50 50 50 50 50 50 50 50 50 50 50 50 50 50 50 95 95 95 95 95 95 15 15 15 185 185 185 185 130 130 130 125 130 30 30 20 20 20 25 55
50 50 50 50 50 50 50 50 50 50 50 50 50 50 50 50 50 50 10 10 10 10 10 10 10 10 10 10 10 10 10 10 10 10 50 50 50 50 50 50 50 50 50 50 50 50 50 50 50 50 50 50 50 50 50 50 50 50 50 60 60 95 95 95 95 95 15 15 185 185 185 185 210 210 210 130 130 30 30 20 20 20 20 55
50 50 50 50 50 50 50 50 50 50 50 50 50 50 50 50 50 10 10 10 10 10 10 10 10 10 10 10 10 10 10 10 10 10 10 10 50 50 50 50 50 50 50 50 50 50 50 50 50 50 50 50 50 50 50 50 50 50 50 60 60 60 60 95 95 95 95 95 185 185 185 185 45 210 210 50 50 120 35 35 20 20 20 55
50 50 50 50 50 50 50 50 50 50 50 50 50 50 50 50 10 10 10 10 10 10 10 10 10 10 10 10 10 10 10 10 10 10 10 10 10 10 50 50 50 50 50 50 50 50 50 50 50 50 50 50 50 50 50 50 50 50 60 60 60 60 60 60 60 60 95 95 185 185 185 45 45 210 210 50 50 120 35 35 35 35 105 20
50 50 50 50 50 50 50 50 50 50 50 50 50 50 50 50 10 10 10 10 10 10 10 10 10 10 10 10 10 10 10 10 10 10 10 10 10 10 10 50 50 50 50 50 50 50 50 50 50 50 50 50 50 50 50 50 50 50 60 60 60 60 60 60 60 60 70 70 70 70 45 45 45 25 25 50 50 120 35 35 35 35 105 105
50 50 50 50 50 50 50 50 50 50 50 50 50 50 50 10 10 10 10 10 10 10 10 10 10 10 10 10 10 10 10 10 10 10 10 10 10 10 10 10 10 50 50 50 50 50 50 50 50 10 50 50 50 50 50 50 50 50 60 60 60 60 60 60 60 70 70 70 70 70 45 45 50 25 25 25 50 120 120 60 60 60 35 15
50 50 50 50 50 50 50 50 50 50 50 50 10 10 10 10 10 10 10 10 10 10 10 10 10 10 10 10 10 10 10 10 10 10 10 10 10 10 10 10 10 10 50 50 50 50 50 50 50 10 10 50 50 50 50 50 50 50 60 60 60 60 60 60 60 70 55 55 55 45 45 45 50 50 50 25 50 120 120 60 60 60 130 35
50 50 50 50 50 50 50 50 50 50 50 10 10 10 10 10 10 10 10 10 10 10 10 10 10 10 10 10 10 10 10 10 10 10 10 10 10 10 10 10 10 10 10 10 50 50 50 50 50 10 10 10 50 50 50 50 50 60 60 60 60 60 60 60 60 55 55 55 55 75 75 50 50 50 50 50 50 120 120 120 105 105 130 40
50 50 50 50 50 50 50 50 50 50 10 10 10 10 10 10 10 10 10 10 10 10 10 10 10 10 10 10 10 10 10 10 10 10 10 10 10 10 10 10 10 10 10 10 10 10 50 50 50 10 10 10 10 10 10 50 50 60 60 60 60 60 60 60 60 50 55 75 75 75 75 105 105 50 50 50 140 120 120 105 105 105 105 80
10 50 50 50 50 50 50 50 50 10 10 10 10 10 10 10 10 10 10 10 10 10 10 10 10 10 10 10 10 10 10 10 10 10 10 10 10 10 10 10 10 10 10 10 10 10 10 50 50 10 10 10 10 10 10 10 60 60 60 60 60 60 60 60 30 50 50 50 50 50 60 105 105 105 140 140 140 120 120 105 105 80 80 80
10 10 10 50 50 50 50 50 10 10 10 10 10 10 10 10 10 10 10 10 10 10 10 10 10 10 10 10 10 10 10 10 10 10 10 10 10 10 10 10 10 10 10 10 10 10 10 10 10 10 10 10 10 10 10 10 60 60 60 60 60 60 60 30 30 30 60 50 50 60 60 60 60 140 110 110 140 120 75 75 75 75 75 80
10 10 10 10 50 50 10 10 10 10 10 10 10 10 10 10 10 10 10 10 10 10 10 10 10 10 10 10 10 10 10 10 10 10 10 10 10 10 10 10 10 10 10 10 10 10 10 10 10 10 10 10 10 10 10 10 60 60 60 60 60 60 60 30 30 60 60 60 60 60 60 60 140 110 110 110 140 115 80 80 65 65 65 75
10 10 10 10 10 10 10 10 10 10 10 10 10 10 10 10 10 10 10 10 10 10 10 10 10 10 10 10 10 10 10 10 10 10 10 10 10 10 10 10 10 10 10 10 10 10 10 10 10 10 10 10 10 10 60 60 60 60 60 60 60 75 75 75 30 60 60 75 75 75 60 140 230 330 140 140 115 115 80 65 65 65 65 85
