Datasets/europian.asc
ncols         383
nrows         239
xllcorner     -73.976723696231
yllcorner     45.396293541168
cellsize      0.0013089085639051
NODATA_value  -9999
[rows 114 to 151 of 239, columns 168 to 251 of 383]
-9999 -9999 -9999 -9999 -9999 -9999 -9999 -9999 -9999 -9999 -9999 -9999 -9999 -9999 -9999 -9999 -9999 -9999 -9999 -9999 -9999 -9999 -9999 -9999 -9999 -9999 -9999 -9999 -9999 -9999 -9999 -9999 -9999 -9999 -9999 -9999 -9999 -9999 -9999 -9999 -9999 -9999 -9999 -9999 -9999 -9999 -9999 -9999 -9999 -9999 -9999 -9999 -9999 -9999 -9999 -9999 -9999 -9999 -9999 -9999 -9999 -9999 -9999 -9999 15 15 30 30 35 35 35 15 15 45 45 35 50 50 50 15 15 15 15 15
-9999 -9999 -9999 -9999 -9999 -9999 -9999 -9999 -9999 -9999 -9999 -9999 -9999 -9999 -9999 -9999 -9999 -9999 -9999 -9999 -9999 -9999 -9999 -9999 -9999 -9999 -9999 -9999 -9999 -9999 -9999 -9999 -9999 -9999 -9999 -9999 -9999 -9999 -9999 -9999 -9999 -9999 -9999 -9999 -9999 -9999 -9999 -9999 -9999 -9999 -9999 -9999 -9999 -9999 -9999 -9999 -9999 -9999 -9999 -9999 -9999 -9999 -9999 15 15 15 15 15 40 40 40 20 30 20 20 35 35 15 15 15 65 15 35 15
-9999 -9999 -9999 -9999 -9999 -9999 -9999 -9999 -9999 -9999 -9999 -9999 -9999 -9999 -9999 -9999 -9999 -9999 -9999 -9999 -9999 -9999 -9999 -9999 -9999 -9999 -9999 -9999 -9999 -9999 -9999 -9999 -9999 -9999 -9999 -9999 -9999 -9999 -9999 -9999 -9999 -9999 -9999 -9999 -9999 -9999 -9999 -9999 -9999 -9999 -9999 -9999 -9999 -9999 -9999 -9999 -9999 -9999 -9999 -9999 -9999 -9999 -9999 15 15 15 15 15 40 40 40 40 40 40 40 40 15 15 15 15 65 35 35 40
-9999 -9999 -9999 -9999 -9999 -9999 -9999 -9999 -9999 -9999 -9999 -9999 -9999 -9999 -9999 -9999 -9999 -9999 -9999 -9999 -9999 -9999 -9999 -9999 -9999 -9999 -9999 -9999 -9999 -9999 -9999 -9999 -9999 -9999 -9999 -9999 -9999 -9999 -9999 -9999 -9999 -9999 -9999 -9999 -9999 -9999 -9999 -9999 -9999 -9999 -9999 -9999 -9999 -9999 -9999 -9999 -9999 -9999 -9999 -9999 -9999 -9999 -9999 15 25 25 25 25 40 40 40 40 40 40 30 30 30 15 65 65 65 35 35 35
-9999 -9999 -9999 -9999 -9999 -9999 -9999 -9999 -9999 -9999 -9999 -9999 -9999 -9999 -9999 -9999 -9999 -9999 -9999 -9999 -9999 -9999 -9999 -9999 -9999 -9999 -9999 -9999 -9999 -9999 -9999 -9999 -9999 -9999 -9999 -9999 -9999 -9999 -9999 -9999 -9999 -9999 -9999 -9999 -9999 -9999 -9999 -9999 -9999 -9999 -9999 -9999 -9999 -9999 -9999 -9999 -9999 -9999 -9999 -9999 -9999 -9999 -9999 25 25 25 25 25 30 30 40 40 40 45 45 30 30 30 35 35 65 35 35 35
-9999 -9999 -9999 -9999 -9999 -9999 -9999 -9999 -9999 -9999 -9999 -9999 -9999 -9999 -9999 -9999 -9999 -9999 -9999 -9999 -9999 -9999 -9999 -9999 -9999 -9999 -9999 -9999 -9999 -9999 -9999 -9999 -9999 -9999 -9999 -9999 -9999 -9999 -9999 -9999 -9999 -9999 -9999 -9999 -9999 -9999 -9999 -9999 -9999 -9999 -9999 -9999 -9999 -9999 -9999 -9999 -9999 -9999 -9999 -9999 -9999 15 50 25 25 25 25 30 30 30 40 40 40 45 45 50 50 50 35 35 30 30 20 35
-9999 -9999 -9999 -9999 -9999 -9999 -9999 -9999 -9999 -9999 -9999 -9999 -9999 -9999 -9999 -9999 -9999 -9999 -9999 -9999 -9999 -9999 -9999 -9999 -9999 -9999 -9999 -9999 -9999 -9999 -9999 -9999 -9999 -9999 -9999 -9999 -9999 -9999 -9999 -9999 -9999 -9999 -9999 -9999 -9999 -9999 -9999 -9999 -9999 -9999 -9999 -9999 -9999 -9999 -9999 -9999 -9999 -9999 -9999 -9999 -9999 20 20 25 50 10 10 10 10 35 35 15 35 35 35 50 50 50 35 35 30 30 20 20
-9999 -9999 -9999 -9999 -9999 -9999 -9999 -9999 -9999 -9999 -9999 -9999 -9999 -9999 -9999 -9999 -9999 -9999 -9999 -9999 -9999 -9999 -9999 -9999 -9999 -9999 -9999 -9999 -9999 -9999 -9999 -9999 -9999 -9999 -9999 -9999 -9999 -9999 -9999 -9999 -9999 -9999 -9999 -9999 -9999 -9999 -9999 -9999 -9999 -9999 -9999 -9999 -9999 -9999 -9999 -9999 -9999 -9999 -9999 -9999 20 20 50 50 25 15 15 10 35 35 35 15 15 15 15 35 50 50 40 40 40 10 20 50
-9999 -9999 -9999 -9999 -9999 -9999 -9999 -9999 -9999 -9999 -9999 -9999 -9999 -9999 -9999 -9999 -9999 -9999 -9999 -9999 -9999 -9999 -9999 -9999 -9999 -9999 -9999 -9999 -9999 -9999 -9999 -9999 -9999 -9999 -9999 -9999 -9999 -9999 -9999 -9999 -9999 -9999 -9999 -9999 -9999 -9999 -9999 -9999 -9999 -9999 -9999 -9999 -9999 -9999 20 -9999 -9999 20 -9999 -9999 20 45 45 50 50 15 15 25 25 35 35 35 15 15 15 50 50 50 40 40 40 40 10 30
-9999 -9999 -9999 -9999 -9999 -9999 -9999 -9999 -9999 -9999 -9999 -9999 -9999 -9999 -9999 -9999 -9999 -9999 -9999 -9999 -9999 -9999 -9999 -9999 -9999 -9999 -9999 -9999 -9999 -9999 -9999 -9999 -9999 -9999 -9999 -9999 -9999 -9999 -9999 -9999 -9999 -9999 -9999 -9999 -9999 25 25 25 25 25 25 -9999 20 20 20 20 20 20 40 40 20 20 45 45 15 15 15 20 25 25 60 60 35 35 35 50 50 40 40 40 40 40 40 40
-9999 -9999 -9999 -9999 -9999 -9999 -9999 -9999 -9999 -9999 -9999 -9999 -9999 -9999 -9999 -9999 -9999 -9999 -9999 -9999 -9999 -9999 -9999 -9999 -9999 -9999 -9999 -9999 -9999 -9999 -9999 -9999 -9999 -9999 -9999 -9999 -9999 -9999 -9999 -9999 -9999 -9999 25 25 25 35 35 25 25 0 0 0 0 0 0 0 0 0 0 40 40 20 20 15 15 15 15 20 20 60 60 10 15 15 15 50 50 40 40 40 40 40 40 40
-9999 -9999 -9999 -9999 -9999 -9999 -9999 -9999 -9999 -9999 -9999 -9999 -9999 -9999 -9999 -9999 -9999 -9999 -9999 -9999 -9999 -9999 -9999 -9999 -9999 -9999 -9999 -9999 -9999 -9999 -9999 -9999 -9999 -9999 -9999 -9999 -9999 -9999 -9999 -9999 -9999 -9999 25 25 25 35 35 35 45 45 20 0 0 0 0 0 0 0 0 0 0 0 0 15 15 20 20 20 20 25 25 25 15 15 15 15 105 105 105 105 105 40 40 40
-9999 -9999 -9999 -9999 -9999 -9999 -9999 -9999 -9999 -9999 -9999 -9999 -9999 -9999 -9999 -9999 -9999 -9999 -9999 -9999 -9999 -9999 -9999 -9999 -9999 -9999 -9999 -9999 -9999 -9999 -9999 -9999 -9999 -9999 -9999 -9999 -9999 -9999 30 30 30 25 50 50 25 35 35 35 35 35 45 35 20 20 20 0 0 0 0 0 0 0 0 15 15 20 20 20 60 60 25 25 15 15 15 15 105 105 105 105 105 40 40 100
-9999 -9999 -9999 -9999 -9999 -9999 -9999 -9999 -9999 -9999 -9999 -9999 -9999 -9999 -9999 -9999 -9999 -9999 -9999 -9999 -9999 -9999 -9999 -9999 -9999 -9999 -9999 -9999 -9999 -9999 -9999 -9999 -9999 -9999 -9999 -9999 -9999 30 30 30 30 30 30 50 50 35 35 35 75 75 35 35 35 35 20 20 20 0 0 0 0 0 40 40 10 10 10 10 25 60 60 15 15 15 15 105 105 105 105 120 120 40 40 100
-9999 -9999 -9999 -9999 -9999 -9999 -9999 -9999 -9999 -9999 -9999 -9999 -9999 -9999 -9999 -9999 -9999 -9999 -9999 -9999 -9999 -9999 -9999 -9999 -9999 -9999 -9999 -9999 -9999 -9999 -9999 -9999 -9999 -9999 -9999 -9999 30 55 55 55 55 70 70 55 55 55 15 15 45 45 75 75 75 75 75 35 20 0 0 0 0 0 40 40 25 10 25 25 25 25 25 15 15 15 15 105 105 105 105 120 120 120 65 100
-9999 -9999 -9999 -9999 -9999 -9999 -9999 -9999 -9999 -9999 -9999 -9999 -9999 -9999 -9999 -9999 -9999 -9999 -9999 -9999 -9999 -9999 -9999 -9999 -9999 -9999 -9999 -9999 -9999 -9999 -9999 -9999 -9999 -9999 -9999 30 60 55 55 55 55 55 70 75 55 15 15 15 15 15 75 75 75 75 75 75 75 75 25 25 25 145 145 145 145 145 0 0 0 0 25 15 15 15 15 105 105 105 105 80 80 120 65 65
-9999 -9999 -9999 -9999 -9999 -9999 -9999 -9999 -9999 -9999 -9999 -9999 -9999 -9999 -9999 -9999 -9999 -9999 -9999 -9999 -9999 -9999 -9999 -9999 -9999 -9999 -9999 -9999 -9999 -9999 -9999 -9999 -9999 -9999 -9999 30 60 60 60 60 60 60 75 75 50 50 15 15 15 65 65 75 75 75 75 75 75 80 80 25 25 145 145 145 145 30 30 30 30 115 0 15 15 105 105 105 105 105 105 105 50 50 50 65
-9999 -9999 -9999 -9999 -9999 -9999 -9999 -9999 -9999 -9999 -9999 -9999 -9999 -9999 -9999 -9999 -9999 -9999 -9999 -9999 -9999 -9999 -9999 -9999 -9999 -9999 30 30 -9999 -9999 -9999 -9999 30 30 30 60 60 60 60 60 60 60 60 80 80 50 50 50 65 65 65 25 25 75 75 75 75 80 80 80 90 90 145 150 150 95 95 95 115 115 0 0 0 0 0 0 105 105 105 105 50 50 50 65
-9999 -9999 -9999 -9999 -9999 -9999 -9999 -9999 -9999 -9999 -9999 -9999 -9999 -9999 -9999 -9999 -9999 -9999 -9999 -9999 -9999 -9999 -9999 -9999 -9999 30 30 30 30 0 -9999 30 60 60 60 60 60 60 60 60 60 40 40 80 80 80 65 65 65 90 50 25 25 25 25 75 75 75 75 80 90 90 60 60 60 60 150 150 115 115 0 0 0 0 0 0 0 0 0 0 0 0 0 50
-9999 -9999 -9999 -9999 -9999 -9999 -9999 -9999 -9999 -9999 -9999 -9999 -9999 -9999 -9999 -9999 -9999 -9999 -9999 -9999 -9999 -9999 -9999 -9999 15 15 0 0 30 0 0 0 0 60 60 60 15 15 60 40 40 40 40 40 35 80 110 110 110 85 35 50 25 25 25 55 160 160 180 80 80 80 60 60 60 20 20 20 20 20 0 0 0 0 0 0 0 0 0 0 0 0 0 0
-9999 -9999 -9999 -9999 -9999 -9999 -9999 -9999 -9999 -9999 -9999 -9999 -9999 -9999 -9999 -9999 -9999 -9999 -9999 -9999 -9999 -9999 -9999 15 15 15 15 15 0 0 0 0 0 0 0 15 15 15 15 35 40 40 40 35 35 35 80 80 85 35 35 35 90 55 55 55 55 180 180 105 105 105 65 0 0 65 70 55 55 0 0 0 0 0 0 0 0 0 0 0 0 0 0 0
-9999 -9999 -9999 -9999 -9999 -9999 -9999 -9999 -9999 -9999 -9999 -9999 -9999 -9999 -9999 -9999 -9999 -9999 -9999 -9999 -9999 -9999 -9999 15 30 30 30 30 15 0 0 0 0 0 0 0 0 15 35 35 35 35 35 35 35 35 90 160 160 160 35 90 90 55 55 55 160 180 180 0 45 45 45 45 45 25 25 0 0 0 0 0 0 0 0 0 0 0 0 0 0 0 0 50
-9999 -9999 -9999 -9999 -9999 -9999 -9999 -9999 -9999 -9999 -9999 -9999 -9999 -9999 -9999 -9999 -9999 -9999 -9999 -9999 35 35 35 35 35 30 0 0 0 0 0 0 0 0 0 0 0 20 20 35 35 35 35 35 35 90 90 90 90 90 160 90 90 55 55 160 0 0 70 95 50 50 50 50 50 50 25 20 20 20 45 0 0 0 0 0 0 0 0 0 0 0 0 45
-9999 -9999 -9999 -9999 -9999 -9999 -9999 -9999 -9999 -9999 -9999 -9999 -9999 -9999 -9999 -9999 -9999 -9999 35 35 35 35 35 35 55 45 0 0 0 30 0 35 0 0 0 30 30 30 30 50 50 50 35 90 90 90 90 90 90 90 90 90 90 90 0 0 0 0 70 50 50 50 0 75 50 50 20 25 25 20 45 45 45 0 0 0 0 0 0 0 0 45 45 45
-9999 -9999 -9999 -9999 -9999 -9999 -9999 -9999 -9999 -9999 -9999 -9999 -9999 -9999 -9999 -9999 -9999 35 35 35 35 35 55 55 55 55 45 45 45 0 30 35 35 30 0 0 30 30 25 25 50 50 15 10 90 90 40 60 60 60 100 100 100 100 85 85 85 100 35 35 35 35 35 75 75 75 20 95 95 45 45 45 45 45 45 45 45 0 0 0 0 45 45 45
-9999 -9999 -9999 -9999 -9999 -9999 -9999 -9999 -9999 -9999 -9999 -9999 -9999 -9999 -9999 -9999 -9999 35 35 35 55 55 55 25 55 55 45 45 45 45 45 30 35 35 0 0 0 25 25 25 50 50 15 15 25 25 40 60 60 60 60 100 100 85 85 85 30 30 45 45 35 35 35 35 35 35 95 95 95 45 45 45 45 45 45 45 45 45 45 70 70 45 45 45
-9999 -9999 -9999 -9999 -9999 -9999 -9999 -9999 -9999 -9999 -9999 -9999 -9999 45 45 45 45 45 45 45 45 45 25 25 95 95 45 45 45 45 45 45 45 35 35 35 20 20 25 25 10 30 30 50 50 50 25 40 40 60 60 60 85 85 85 85 30 30 50 50 35 35 35 45 35 95 95 45 45 45 45 45 45 45 45 45 45 45 45 70 35 65 65 65
-9999 -9999 -9999 -9999 -9999 -9999 -9999 -9999 -9999 -9999 -9999 -9999 35 45 45 45 45 45 45 115 45 45 115 25 30 30 50 45 45 45 55 55 55 80 80 80 80 10 10 30 30 65 65 50 50 50 50 60 60 60 60 60 20 85 85 85 30 30 30 50 35 35 35 35 45 125 95 45 45 45 45 45 45 45 45 45 45 45 45 70 65 65 65 65
-9999 -9999 -9999 -9999 -9999 -9999 -9999 -9999 -9999 -9999 -9999 10 10 35 45 45 45 45 40 40 115 115 115 40 20 50 45 45 45 45 55 55 80 80 80 80 80 80 65 65 0 0 0 25 25 25 25 60 60 60 20 20 20 20 20 20 15 30 70 70 50 35 35 35 45 100 125 45 45 45 45 45 45 45 45 45 45 45 45 35 35 35 35 35
-9999 -9999 -9999 -9999 -9999 -9999 -9999 -9999 -9999 -9999 -9999 10 10 45 45 45 45 40 40 40 40 115 115 40 70 20 70 50 50 50 80 80 80 80 80 80 80 320 320 0 0 25 25 0 25 25 25 65 15 15 15 20 10 10 20 20 20 20 70 70 60 60 60 60 100 30 125 45 45 45 45 45 45 45 45 45 45 45 70 35 35 35 35 35
-9999 -9999 -9999 -9999 -9999 -9999 -9999 -9999 -9999 -9999 -9999 10 45 45 45 45 45 40 40 45 40 40 40 40 70 70 70 80 80 80 80 80 80 80 320 320 320 320 320 320 0 0 0 25 25 25 0 0 65 65 15 15 10 10 10 20 20 20 20 60 60 60 60 140 140 140 45 45 45 45 45 45 45 45 45 45 45 45 130 35 35 35 35 35
-9999 -9999 -9999 -9999 -9999 -9999 -9999 -9999 -9999 10 45 45 45 45 45 45 45 45 45 45 45 45 45 80 80 80 80 80 80 80 80 80 80 320 320 320 320 320 320 320 320 0 0 0 25 0 10 0 0 0 65 10 15 10 10 80 80 80 80 80 60 50 50 140 140 140 45 45 45 45 45 45 45 45 45 45 45 25 130 130 130 35 25 25
-9999 10 10 10 -9999 -9999 10 10 10 10 45 45 45 45 45 45 45 45 45 45 45 45 45 45 80 80 25 80 80 80 80 320 320 320 320 320 320 320 320 45 45 60 60 0 0 0 0 10 0 0 65 65 10 0 0 10 10 80 80 80 50 50 140 140 140 140 140 45 45 45 45 45 70 70 45 45 45 20 20 130 130 25 25 25
10 10 10 10 -9999 10 10 10 45 45 45 45 45 45 45 45 45 45 45 45 45 85 85 85 85 25 25 25 25 25 320 320 320 320 320 320 320 320 45 60 60 60 60 60 60 60 0 0 20 20 20 20 10 10 10 10 10 10 80 50 50 50 140 140 140 140 140 45 45 45 45 45 45 70 70 70 70 20 20 20 25 25 25 25
10 10 10 -9999 -9999 10 10 10 45 45 45 45 45 45 45 45 45 45 45 85 85 85 85 85 85 75 75 25 320 320 320 320 320 320 320 320 320 320 45 60 60 60 60 60 60 60 60 0 0 0 0 0 20 10 10 10 10 15 15 35 35 140 140 140 140 140 140 45 45 45 45 75 70 70 70 20 20 20 20 20 25 25 40 40
-9999 -9999 -9999 -9999 10 10 45 45 45 45 45 45 45 45 70 45 45 70 85 85 85 85 85 75 75 75 75 75 320 320 320 320 320 320 320 50 50 50 60 60 60 60 60 60 60 60 60 60 0 0 0 0 60 60 10 15 15 15 15 15 35 50 140 140 140 140 140 45 45 45 45 75 75 70 25 20 20 20 45 40 40 40 40 40
10 -9999 -9999 10 10 45 45 45 45 45 45 45 70 70 70 70 70 70 70 105 105 105 105 105 320 320 320 320 320 320 320 320 320 320 320 50 50 70 55 55 55 60 60 60 60 60 60 60 60 60 60 0 60 60 60 15 15 15 15 15 25 50 50 50 140 140 140 45 45 75 75 75 75 70 25 20 45 45 45 45 40 40 40 40
10 10 10 10 45 45 45 45 45 45 45 70 70 70 70 70 70 70 105 105 105 105 105 105 320 320 320 320 320 320 320 320 320 320 70 70 70 60 70 50 50 50 50 50 60 60 60 60 50 50 50 60 60 60 60 15 15 25 25 15 25 25 50 50 50 140 45 45 45 70 70 75 70 25 35 25 25 25 45 45 45 45 10 10
