Datasets/europian.asc
ncols         383
nrows         239
xllcorner     -73.976723696231
yllcorner     45.396293541168
cellsize      0.0013089085639051
NODATA_value  -9999
[rows 114 to 151 of 239, columns 252 to 335 of 383]
15 15 30 30 25 10 20 10 10 10 15 20 20 20 20 20 20 20 20 20 20 20 20 20 20 45 45 40 40 40 40 30 60 30 30 30 30 15 15 10 15 50 50 20 20 20 25 25 25 25 75 75 75 25 40 40 15 15 15 0 0 0 0 0 0 0 0 0 0 0 0 0 0 0 0 0 75 50 50 40 40 40 40 35
30 30 30 30 25 25 10 10 10 15 15 30 30 20 20 20 20 20 20 20 20 20 20 20 20 60 15 45 45 40 70 70 55 60 30 30 30 50 50 50 40 40 40 40 65 65 65 65 65 75 75 75 75 25 25 25 25 0 0 55 55 0 0 0 0 0 0 0 0 0 0 0 0 0 0 0 75 75 95 95 40 40 40 35
40 40 10 25 25 25 15 15 15 45 15 30 30 30 20 20 20 20 20 20 20 20 20 20 60 15 60 60 60 70 70 55 55 55 30 30 30 50 50 50 65 65 65 40 30 35 35 75 75 75 75 75 75 45 45 45 15 15 15 45 15 15 15 50 65 20 20 0 0 0 0 0 0 0 45 45 45 45 95 95 95 60 60 20
10 10 10 10 40 35 35 85 85 45 45 45 45 30 30 30 25 25 20 20 20 60 60 60 60 60 40 60 60 40 60 70 55 55 55 55 30 50 50 65 65 65 65 30 30 30 45 35 45 45 75 75 30 30 45 45 15 15 40 40 0 0 0 15 65 65 65 35 35 35 0 0 0 35 35 35 35 95 95 95 95 45 45 45
35 35 35 35 35 35 85 85 85 85 85 45 35 35 35 35 25 25 30 35 35 80 80 80 80 45 45 40 40 40 90 90 25 75 75 75 30 30 30 65 65 95 95 95 30 30 45 45 45 45 30 30 25 30 30 15 15 15 40 65 65 65 65 30 30 65 70 70 35 35 35 10 0 25 25 25 25 130 130 95 45 45 45 45
35 35 35 35 35 35 85 85 85 85 85 85 25 25 25 25 25 35 35 30 30 65 65 80 30 30 40 40 50 50 90 90 90 35 35 35 35 65 65 65 15 45 45 45 45 95 95 45 30 30 30 50 50 25 55 55 55 35 35 50 50 65 65 100 35 35 60 70 70 70 70 30 40 40 40 130 130 130 130 95 60 45 45 45
15 35 35 35 35 35 85 85 85 85 85 85 85 25 25 25 35 35 35 35 90 90 90 65 65 10 50 40 40 40 50 50 90 55 55 35 35 25 25 65 35 15 15 15 30 30 30 30 30 30 35 35 40 40 40 40 40 85 85 50 50 100 100 100 100 30 30 60 10 10 10 30 35 35 40 20 20 20 130 130 60 60 20 20
50 55 55 55 20 40 40 85 85 85 85 85 85 55 55 55 55 55 35 50 50 90 90 90 55 40 10 50 35 35 50 50 60 55 55 40 40 40 40 40 35 35 40 40 40 30 35 35 80 80 80 30 30 35 40 35 35 35 85 50 100 100 100 100 50 50 35 35 10 10 10 40 40 40 20 20 20 20 60 60 60 60 20 20
30 55 55 55 30 40 40 40 55 55 55 50 50 50 45 45 45 55 50 50 50 45 50 50 65 55 55 25 95 95 35 55 55 60 60 0 0 0 0 40 40 40 30 30 40 40 35 35 60 60 60 80 80 35 35 35 35 35 35 35 50 50 60 60 60 50 40 20 10 10 10 40 40 40 30 30 30 100 100 100 30 20 20 20
30 30 30 30 30 30 30 85 55 55 55 85 35 50 45 45 45 45 45 50 50 50 20 20 45 80 10 10 10 10 25 55 30 115 115 115 15 15 35 35 35 30 20 20 30 30 35 65 65 40 40 50 50 55 55 15 15 20 35 50 50 35 70 70 70 0 40 20 20 20 20 20 35 55 30 30 30 25 25 40 40 25 30 30
40 40 30 30 30 30 30 85 85 85 55 85 35 35 35 60 60 45 40 45 50 60 50 50 20 20 35 10 10 10 15 25 55 60 115 115 115 10 10 10 40 35 35 35 60 30 75 75 40 40 40 40 15 15 30 40 40 40 30 40 35 35 70 70 70 0 70 70 70 25 25 20 20 55 55 15 30 30 30 40 30 25 30 30
40 40 30 30 30 30 15 15 15 15 60 55 65 65 35 60 60 55 40 40 55 55 60 60 60 50 35 35 20 10 10 10 70 60 60 85 85 85 85 10 50 40 40 40 60 75 75 75 20 40 40 45 45 150 150 35 150 150 155 155 155 155 155 155 35 0 70 70 70 45 45 25 40 30 30 80 80 80 30 30 30 15 25 25
40 40 40 40 40 110 35 35 35 35 35 60 40 65 70 70 70 55 55 55 55 55 55 55 45 45 35 30 45 20 20 20 70 70 60 60 60 60 85 45 35 50 50 50 40 75 75 20 20 20 20 20 45 150 150 150 150 150 155 155 155 155 155 155 155 85 85 85 20 20 20 20 60 40 35 30 110 110 110 45 30 15 15 25
100 35 35 35 35 110 110 110 40 40 40 70 30 80 80 65 65 45 35 25 25 70 20 20 45 45 45 45 30 45 45 65 10 70 40 55 60 60 50 25 45 45 45 45 10 10 75 20 20 20 20 20 20 20 150 150 155 155 155 155 155 155 155 155 155 85 85 85 35 35 35 60 60 40 45 35 110 110 110 110 20 20 40 40
100 35 35 35 70 70 70 55 55 30 30 70 70 65 80 30 25 25 20 50 25 80 20 20 50 50 65 65 65 55 55 55 50 50 55 30 30 30 30 30 50 25 45 20 20 25 25 20 20 20 20 40 40 40 40 150 155 155 155 155 155 155 155 155 155 85 85 35 35 35 35 60 60 40 40 40 35 35 35 110 30 40 40 40
30 30 35 35 70 70 70 70 70 30 30 30 55 65 65 90 90 90 35 20 20 50 50 50 80 80 60 60 35 35 35 35 45 45 50 30 30 30 30 50 50 50 50 50 50 55 55 75 40 70 70 65 40 40 40 95 95 95 40 40 40 40 40 40 40 40 85 35 35 60 60 60 60 40 40 20 20 20 20 30 45 45 45 40
65 30 70 70 70 70 55 55 55 55 55 55 0 55 45 45 90 90 70 70 20 20 60 60 60 40 40 20 60 35 35 35 95 95 45 30 30 30 30 50 50 50 50 50 50 50 80 75 60 70 70 70 65 55 30 80 95 95 95 40 40 80 40 40 40 40 25 25 40 55 55 55 65 65 65 20 20 20 20 45 45 45 45 -9999
65 70 70 70 70 70 70 70 70 55 55 0 0 0 0 45 65 65 65 75 75 75 60 60 60 25 40 90 20 60 60 70 95 95 105 40 40 40 45 15 15 115 50 50 50 50 80 80 75 75 60 60 55 40 40 90 80 80 25 40 40 80 80 40 40 40 40 25 35 35 45 45 45 45 45 45 20 45 45 45 45 45 45 -9999
50 70 70 70 70 70 70 70 70 70 70 0 0 0 0 0 0 0 0 200 200 200 75 55 55 55 55 50 50 40 70 70 70 95 105 105 115 115 115 115 115 115 115 115 115 175 175 40 80 65 60 60 25 40 40 40 40 25 25 25 35 80 80 35 35 35 40 40 45 35 20 20 20 45 45 45 45 45 45 45 45 -9999 -9999 -9999
0 65 65 70 70 70 70 70 70 0 0 0 0 0 0 0 0 0 200 200 200 75 75 75 75 75 45 45 80 80 40 40 65 65 85 110 110 110 45 15 115 115 160 160 160 90 40 175 175 65 65 65 25 95 95 40 95 90 90 65 70 70 50 35 35 50 50 40 45 20 20 20 20 45 45 45 45 45 45 45 45 -9999 -9999 -9999
110 65 65 50 50 50 50 0 0 0 0 0 0 0 0 0 0 0 200 200 200 115 75 65 65 85 85 45 20 30 80 80 35 35 65 60 60 110 110 15 15 175 175 160 160 160 160 160 90 35 35 35 90 35 55 55 60 60 95 95 65 110 45 50 30 30 30 40 20 20 20 20 20 45 45 45 45 45 45 45 45 -9999 -9999 -9999
20 85 50 75 75 45 100 100 0 80 80 80 80 80 0 0 0 200 200 200 115 115 115 115 115 65 65 125 125 20 55 55 55 35 100 60 60 110 110 110 110 175 175 175 175 175 160 90 90 65 70 70 90 90 55 55 80 60 60 60 50 50 15 20 55 55 55 100 100 20 60 60 70 70 60 45 45 45 45 45 50 -9999 -9999 -9999
70 70 45 45 45 75 40 75 80 80 55 55 70 70 75 75 65 65 65 160 115 115 115 115 115 95 95 95 125 100 100 100 40 100 100 100 100 110 110 110 100 100 175 30 175 175 175 175 65 75 70 70 70 35 50 50 70 80 80 0 10 35 35 15 55 55 100 100 100 100 45 45 45 60 60 15 50 50 50 50 -9999 -9999 -9999 -9999
45 45 45 65 65 50 50 40 45 45 85 85 30 40 40 50 60 30 30 160 160 160 160 35 35 35 35 35 35 95 95 95 100 100 100 100 100 100 100 80 100 100 100 155 30 30 55 55 145 60 60 75 75 75 75 100 100 70 70 0 0 130 130 150 75 75 35 100 100 60 60 45 45 45 15 0 120 50 50 50 -9999 -9999 -9999 -9999
45 45 45 15 15 15 40 110 110 45 100 100 85 50 50 60 60 60 60 35 50 160 160 35 35 35 35 35 35 105 105 105 105 105 80 80 80 80 80 80 80 90 45 155 25 25 95 95 145 60 60 95 95 95 75 75 100 0 0 0 0 0 0 150 150 150 35 35 60 60 60 45 45 45 15 0 120 120 50 50 -9999 -9999 -9999 -9999
45 45 45 15 15 15 50 50 45 65 100 100 120 65 50 85 85 55 55 55 60 160 65 65 35 35 35 35 105 55 40 105 105 105 25 25 80 80 80 80 80 120 45 80 80 80 75 75 100 100 55 70 70 55 55 115 0 0 0 0 0 0 0 55 150 150 150 150 60 60 45 45 45 45 120 120 120 50 50 50 -9999 -9999 -9999 0
65 65 15 15 50 50 50 50 65 65 65 65 65 120 120 40 75 70 70 40 60 60 65 65 65 65 65 50 50 80 55 40 40 30 30 80 60 80 80 80 120 120 120 80 55 55 55 75 100 55 55 55 55 60 60 30 0 0 0 0 0 0 0 55 55 55 55 45 45 60 30 30 30 30 120 120 120 50 50 50 -9999 -9999 -9999 0
65 65 15 15 50 50 50 65 65 65 65 65 65 65 60 60 60 60 60 60 100 150 150 150 65 65 65 55 55 50 80 80 80 35 105 30 110 110 60 60 15 120 15 50 50 50 85 85 85 45 45 75 75 60 70 70 85 85 0 0 0 0 70 70 70 100 100 45 80 80 30 35 35 95 95 95 120 50 -9999 -9999 -9999 -9999 0 0
35 35 15 15 50 50 50 65 65 65 65 65 65 60 60 60 60 60 60 60 100 100 85 150 85 85 85 45 65 50 20 70 70 60 90 90 70 55 110 110 70 15 15 60 60 60 60 85 80 80 75 75 75 75 90 70 85 85 105 105 0 0 120 120 70 100 100 100 80 25 25 25 35 35 95 95 95 50 -9999 -9999 -9999 -9999 0 0
35 35 35 55 55 55 65 65 65 65 65 65 65 60 60 60 60 60 100 100 100 100 100 85 100 100 95 85 60 60 25 20 20 70 45 95 90 90 90 90 30 30 65 75 75 95 95 135 115 70 70 130 80 90 90 90 45 75 45 45 45 50 35 35 65 100 100 100 100 70 25 50 50 50 95 95 95 95 -9999 -9999 -9999 -9999 0 0
35 25 35 55 55 55 100 100 60 65 65 100 100 100 205 60 60 100 100 100 100 100 65 85 100 100 100 95 95 20 25 25 25 25 60 45 95 95 90 90 90 65 65 75 75 65 65 135 135 90 70 105 130 130 130 55 45 45 45 45 45 80 60 70 10 65 65 35 70 15 15 50 50 50 90 90 95 95 -9999 -9999 -9999 -9999 -9999 0
25 25 25 55 100 100 100 100 60 60 60 205 205 100 205 205 205 140 100 100 100 100 65 75 75 100 100 90 80 20 20 35 35 25 60 60 45 70 95 95 55 80 30 30 75 65 65 65 65 90 115 115 40 40 40 130 55 80 35 35 35 60 60 40 10 45 45 65 110 35 35 40 90 90 90 90 90 -9999 -9999 -9999 -9999 -9999 -9999 0
85 25 55 55 100 95 95 95 60 60 205 205 205 205 205 205 140 140 60 60 60 60 75 75 75 75 75 50 80 80 80 35 35 35 60 60 30 70 55 55 55 55 80 80 50 50 50 50 50 110 115 115 40 40 40 40 105 80 105 35 35 60 60 60 65 40 40 65 65 90 90 90 90 90 90 90 90 -9999 -9999 -9999 -9999 -9999 -9999 0
25 85 40 50 95 95 95 95 60 60 205 205 205 205 205 45 140 50 50 50 50 55 55 55 75 75 75 50 50 50 50 35 40 40 40 40 40 40 40 40 40 40 125 25 50 50 50 50 50 50 110 45 125 125 125 40 55 55 105 105 105 45 60 60 60 60 60 65 55 55 30 90 90 90 185 90 90 -9999 -9999 -9999 -9999 -9999 -9999 0
85 85 40 50 50 50 50 95 60 140 140 205 205 205 45 40 40 20 50 50 50 55 55 25 25 25 25 50 50 40 40 40 40 40 40 40 40 40 135 135 135 135 135 135 135 135 135 135 50 50 25 25 25 25 25 75 25 45 45 105 105 45 45 45 60 60 75 75 75 75 30 30 185 185 185 135 40 -9999 -9999 -9999 -9999 -9999 -9999 0
40 40 50 50 50 50 50 50 140 140 140 45 45 45 40 40 20 80 80 150 150 55 55 25 25 25 25 45 45 45 40 40 15 15 40 40 40 135 135 135 135 135 135 135 135 135 135 135 135 135 25 25 25 25 45 75 75 75 25 70 70 70 25 25 0 70 70 70 75 75 75 75 185 135 135 135 -9999 -9999 -9999 -9999 -9999 -9999 -9999 0
10 10 50 50 50 50 50 140 140 140 55 55 25 25 60 90 205 155 80 150 150 150 25 25 25 45 45 45 45 45 45 15 15 15 15 15 15 15 135 135 135 135 135 135 135 135 135 135 135 135 135 25 80 80 80 45 25 75 75 125 125 70 25 0 45 70 70 70 15 75 75 185 135 135 135 40 40 -9999 -9999 -9999 -9999 -9999 -9999 0
10 10 65 65 65 50 50 80 140 35 35 55 40 40 25 90 205 150 150 150 150 80 80 55 75 30 45 45 15 15 15 15 15 15 15 15 15 15 135 135 135 135 135 135 135 135 135 135 135 135 135 135 15 80 80 80 80 45 125 125 125 125 70 70 75 75 15 15 15 15 15 185 135 135 135 -9999 40 -9999 -9999 -9999 -9999 -9999 -9999 -9999
