Datasets/europian.asc
ncols         383
nrows         239
xllcorner     -73.976723696231
yllcorner     45.396293541168
cellsize      0.0013089085639051
NODATA_value  -9999
[rows 190 to 227 of 239, columns 252 to 335 of 383]
85 85 60 60 60 60 90 90 25 25 10 40 40 35 35 35 35 35 0 0 0 0 0 0 0 0 0 0 0 -9999 25 25 25 25 25 25 25 15 25 25 25 25 40 25 55 40 40 40 30 30 80 80 80 80 85 85 85 35 35 35 35 60 60 60 55 55 55 -9999 -9999 125 35 35 75 75 75 75 75 75 45 45 45 175 -9999 -9999
85 60 60 60 60 60 60 25 25 25 25 35 35 35 35 35 35 0 0 0 0 0 0 0 0 0 0 -9999 25 25 25 25 25 25 15 15 55 15 40 40 40 40 40 25 55 55 55 55 50 50 -9999 45 45 45 15 15 15 25 25 25 25 35 35 40 55 55 55 -9999 125 125 35 75 75 75 75 75 75 80 80 175 175 175 -9999 -9999
75 75 75 60 60 60 25 25 35 35 35 35 35 35 35 35 0 0 0 0 0 0 0 0 -9999 25 25 25 25 25 25 25 25 45 45 15 55 15 15 15 40 40 40 40 55 55 55 25 25 50 -9999 45 45 45 20 20 30 40 40 40 40 25 25 50 50 -9999 -9999 -9999 395 395 395 395 395 395 155 155 155 80 80 175 175 -9999 -9999 -9999
50 50 75 75 20 20 25 35 35 35 35 35 35 35 35 0 0 0 0 0 0 -9999 45 45 45 45 45 45 25 25 25 25 25 25 45 15 85 10 45 45 35 35 35 35 15 15 15 25 25 25 40 40 40 40 25 25 25 15 15 15 15 40 40 50 -9999 -9999 -9999 395 395 395 395 395 395 395 395 155 155 155 175 -9999 -9999 -9999 -9999 -9999
40 50 50 50 20 20 15 55 55 35 35 35 35 35 0 0 0 0 0 0 45 45 45 45 45 45 45 45 45 45 25 25 35 35 35 55 85 10 45 45 70 70 65 65 60 60 60 55 55 20 40 40 40 40 20 20 20 30 20 20 20 50 50 50 -9999 -9999 395 395 395 395 395 395 395 395 395 395 155 175 175 -9999 -9999 -9999 -9999 -9999
40 40 40 40 40 40 40 40 15 15 35 35 35 0 0 0 0 0 45 45 45 45 45 45 45 45 45 45 45 45 45 25 20 20 35 55 0 0 25 25 25 65 65 65 45 45 45 45 -9999 20 10 10 10 10 20 20 20 45 45 45 45 15 15 -9999 -9999 -9999 395 395 395 395 395 395 395 395 395 395 395 175 -9999 -9999 -9999 -9999 -9999 -9999
40 140 25 25 25 15 15 15 15 15 35 0 0 0 0 0 0 45 45 45 45 45 45 45 45 45 45 45 45 45 45 20 50 50 50 45 15 0 35 25 25 70 45 45 45 45 -9999 -9999 20 15 15 15 15 15 40 40 40 35 35 35 35 15 -9999 -9999 -9999 395 395 395 395 395 395 395 395 395 395 395 395 395 -9999 -9999 -9999 -9999 -9999 -9999
25 25 25 100 100 100 100 100 100 100 0 0 0 0 0 0 45 45 45 45 45 45 45 45 45 45 45 45 45 45 45 20 50 50 50 45 15 0 35 35 35 45 45 45 45 -9999 50 50 20 30 30 30 30 30 45 45 45 25 25 25 25 30 -9999 -9999 -9999 395 395 395 395 395 395 395 395 395 395 395 395 -9999 -9999 -9999 -9999 -9999 -9999 -9999
25 25 25 100 100 100 100 100 100 30 30 30 0 0 -9999 45 45 45 45 45 45 45 45 45 45 45 45 45 45 45 175 175 50 50 50 40 50 55 55 35 35 35 45 45 45 20 50 50 50 50 50 50 50 10 10 10 20 25 25 30 30 -9999 -9999 -9999 -9999 395 395 395 395 395 395 395 395 395 395 395 -9999 -9999 -9999 -9999 -9999 -9999 -9999 -9999
105 105 25 100 100 100 100 30 30 30 30 30 30 30 45 45 45 45 45 45 45 45 45 45 45 45 45 45 45 175 175 95 95 95 95 40 50 50 35 135 135 135 45 45 15 15 15 15 15 30 30 30 50 30 30 30 30 30 30 30 -9999 -9999 -9999 -9999 -9999 395 395 395 395 395 395 395 -9999 -9999 -9999 -9999 -9999 -9999 -9999 -9999 -9999 -9999 -9999 -9999
20 20 20 30 30 30 30 30 30 30 30 -9999 45 45 45 45 45 45 45 45 45 45 45 45 45 45 45 45 130 130 130 0 0 0 0 0 40 35 35 135 135 135 135 25 25 25 25 25 25 25 55 35 35 30 30 30 30 30 30 -9999 -9999 -9999 -9999 -9999 -9999 395 395 395 395 395 395 -9999 -9999 -9999 -9999 -9999 -9999 -9999 -9999 -9999 -9999 -9999 -9999 -9999
20 30 30 30 30 30 30 30 30 30 -9999 45 45 45 45 45 45 45 45 45 45 45 45 45 45 45 85 85 130 130 0 0 0 0 0 0 0 0 0 0 0 0 -9999 0 0 0 25 25 25 25 25 25 25 25 25 30 30 -9999 -9999 -9999 -9999 -9999 -9999 -9999 -9999 -9999 -9999 -9999 -9999 -9999 -9999 -9999 -9999 -9999 -9999 -9999 -9999 -9999 -9999 -9999 -9999 -9999 -9999 -9999
30 30 30 30 30 -9999 120 120 120 120 120 45 45 45 45 45 45 45 45 45 45 45 45 45 45 85 85 85 85 0 0 0 0 0 0 0 0 0 0 0 -9999 -9999 0 0 0 0 0 0 0 0 0 0 25 25 25 25 30 -9999 -9999 -9999 -9999 -9999 -9999 -9999 -9999 -9999 -9999 -9999 -9999 -9999 -9999 -9999 -9999 -9999 -9999 -9999 -9999 -9999 -9999 -9999 -9999 -9999 -9999 -9999
30 30 30 30 120 120 120 120 120 120 120 120 120 45 45 45 45 45 45 45 45 45 45 90 90 130 130 130 0 0 0 0 0 0 0 0 0 0 0 0 0 0 0 0 0 0 0 0 0 0 0 0 0 0 0 0 -9999 -9999 -9999 -9999 -9999 -9999 -9999 -9999 -9999 -9999 -9999 -9999 -9999 -9999 -9999 -9999 -9999 -9999 -9999 -9999 -9999 -9999 -9999 -9999 -9999 -9999 -9999 -9999
0 30 -9999 120 120 120 120 120 120 120 120 120 40 40 40 45 45 45 45 45 45 45 90 90 85 130 130 130 0 0 0 0 0 0 0 0 0 0 0 0 0 0 0 0 0 0 0 0 0 0 0 0 0 0 -9999 -9999 -9999 -9999 -9999 -9999 -9999 -9999 -9999 -9999 -9999 -9999 -9999 -9999 -9999 -9999 -9999 -9999 -9999 -9999 -9999 -9999 -9999 -9999 -9999 -9999 -9999 -9999 -9999 -9999
-9999 120 120 120 120 120 120 120 120 120 120 80 80 40 40 45 45 45 45 45 25 25 25 25 85 85 0 0 0 0 0 0 0 0 0 0 0 0 -9999 70 70 70 70 50 50 0 0 0 0 0 0 0 -9999 -9999 -9999 -9999 -9999 -9999 -9999 -9999 -9999 -9999 -9999 -9999 -9999 -9999 -9999 -9999 -9999 -9999 -9999 -9999 -9999 -9999 -9999 -9999 -9999 -9999 -9999 -9999 -9999 -9999 -9999 -9999
30 30 30 120 120 120 120 120 120 120 120 80 80 45 45 45 30 30 30 25 25 25 25 85 85 85 85 60 60 0 0 0 0 0 0 0 0 -9999 70 70 70 70 70 70 50 50 30 30 30 30 10 10 -9999 -9999 -9999 -9999 -9999 -9999 -9999 -9999 -9999 -9999 -9999 -9999 -9999 -9999 -9999 -9999 -9999 -9999 -9999 -9999 -9999 -9999 -9999 -9999 -9999 -9999 -9999 -9999 -9999 -9999 -9999 -9999
30 30 30 30 120 120 120 120 120 120 40 60 25 25 25 25 30 70 70 105 105 105 25 85 85 85 45 45 45 45 45 45 115 0 0 0 0 70 70 70 70 70 70 70 50 50 10 30 30 10 10 -9999 -9999 -9999 -9999 -9999 -9999 -9999 -9999 -9999 -9999 -9999 -9999 -9999 -9999 -9999 -9999 -9999 -9999 -9999 -9999 -9999 -9999 -9999 -9999 -9999 -9999 -9999 -9999 -9999 -9999 -9999 -9999 -9999
30 30 30 30 120 120 120 120 120 120 40 25 20 100 100 100 45 45 70 105 25 25 65 65 130 130 55 55 55 45 45 45 45 45 45 45 -9999 20 20 20 70 70 70 50 50 10 10 10 10 10 -9999 -9999 -9999 -9999 -9999 -9999 -9999 -9999 -9999 -9999 -9999 -9999 -9999 -9999 -9999 -9999 -9999 -9999 -9999 -9999 -9999 -9999 -9999 -9999 -9999 -9999 -9999 -9999 -9999 -9999 -9999 -9999 -9999 -9999
30 30 30 30 30 120 120 120 120 120 50 25 25 100 100 100 45 45 135 65 65 65 25 25 130 130 55 55 55 70 70 35 70 45 25 25 25 25 50 50 50 60 60 45 45 45 60 -9999 -9999 -9999 -9999 -9999 -9999 -9999 -9999 -9999 -9999 -9999 -9999 -9999 -9999 -9999 -9999 -9999 -9999 -9999 -9999 -9999 -9999 -9999 -9999 -9999 -9999 -9999 -9999 -9999 -9999 -9999 -9999 -9999 -9999 -9999 -9999 -9999
20 20 20 20 30 30 120 120 120 65 65 65 50 100 45 45 90 135 135 135 25 25 25 55 55 130 130 110 110 70 70 70 70 25 25 25 25 25 50 50 55 60 60 60 60 60 -9999 -9999 -9999 -9999 -9999 -9999 -9999 -9999 -9999 -9999 -9999 -9999 -9999 -9999 -9999 -9999 -9999 -9999 -9999 -9999 -9999 -9999 -9999 -9999 -9999 -9999 -9999 -9999 -9999 -9999 -9999 -9999 -9999 -9999 -9999 -9999 -9999 -9999
50 50 50 50 85 30 85 10 10 120 120 120 120 45 90 90 90 90 135 135 25 25 25 55 130 110 110 110 110 110 110 70 60 25 25 25 25 25 10 10 55 55 55 55 60 -9999 -9999 -9999 -9999 -9999 -9999 -9999 -9999 -9999 -9999 -9999 -9999 -9999 -9999 -9999 -9999 -9999 -9999 -9999 -9999 -9999 -9999 -9999 -9999 -9999 -9999 -9999 -9999 -9999 -9999 -9999 -9999 -9999 -9999 -9999 -9999 -9999 -9999 -9999
50 50 50 50 85 85 85 10 10 10 10 10 40 60 85 85 85 60 60 60 20 60 60 35 60 35 110 110 110 110 70 60 60 60 60 60 60 60 95 10 20 20 20 60 -9999 -9999 -9999 -9999 -9999 -9999 -9999 -9999 -9999 -9999 -9999 -9999 -9999 -9999 -9999 -9999 -9999 -9999 -9999 -9999 -9999 -9999 -9999 -9999 -9999 -9999 -9999 -9999 -9999 -9999 -9999 -9999 -9999 -9999 -9999 -9999 -9999 -9999 -9999 -9999
50 50 50 85 85 85 10 25 25 25 15 10 40 60 85 85 85 85 60 60 20 60 60 60 35 35 35 -9999 85 85 85 85 40 40 65 65 65 95 95 95 95 95 95 -9999 -9999 -9999 -9999 -9999 -9999 -9999 -9999 -9999 -9999 -9999 -9999 -9999 -9999 -9999 -9999 -9999 -9999 -9999 -9999 -9999 -9999 -9999 -9999 -9999 -9999 -9999 -9999 -9999 -9999 -9999 -9999 -9999 -9999 -9999 -9999 -9999 -9999 -9999 -9999 -9999
50 50 50 50 50 25 25 40 40 35 55 15 40 40 70 70 85 60 60 60 60 60 60 60 60 60 -9999 85 85 85 85 35 35 35 35 35 35 10 95 95 95 -9999 -9999 -9999 -9999 -9999 -9999 -9999 -9999 -9999 -9999 -9999 -9999 -9999 -9999 -9999 -9999 -9999 -9999 -9999 -9999 -9999 -9999 -9999 -9999 -9999 -9999 -9999 -9999 -9999 -9999 -9999 -9999 -9999 -9999 -9999 -9999 -9999 -9999 -9999 -9999 -9999 -9999 -9999
35 50 50 25 25 25 40 25 25 35 55 15 30 30 70 70 70 60 55 55 60 60 60 60 60 -9999 85 85 85 85 85 50 50 50 50 35 35 15 15 40 -9999 95 95 95 -9999 -9999 -9999 -9999 -9999 -9999 -9999 -9999 95 95 95 95 95 95 -9999 -9999 -9999 -9999 -9999 -9999 -9999 -9999 -9999 -9999 -9999 -9999 -9999 -9999 -9999 -9999 -9999 -9999 -9999 -9999 -9999 -9999 -9999 -9999 -9999 -9999
35 35 35 35 35 20 20 20 20 20 20 20 20 20 25 25 55 55 55 60 60 60 60 60 -9999 75 75 85 85 85 85 85 35 35 50 40 40 40 15 -9999 -9999 95 -9999 -9999 -9999 -9999 -9999 -9999 -9999 -9999 95 95 95 -9999 95 95 95 95 95 -9999 -9999 -9999 -9999 -9999 -9999 -9999 -9999 -9999 -9999 -9999 -9999 -9999 -9999 -9999 -9999 -9999 -9999 -9999 -9999 -9999 -9999 -9999 -9999 -9999
35 35 35 35 35 20 20 20 20 20 20 35 50 50 80 80 80 80 80 60 60 -9999 -9999 80 85 85 85 75 45 45 40 40 40 45 10 40 40 15 -9999 -9999 40 -9999 -9999 -9999 -9999 -9999 -9999 -9999 -9999 -9999 -9999 -9999 95 95 95 95 95 95 95 -9999 -9999 -9999 -9999 -9999 -9999 -9999 -9999 -9999 -9999 -9999 -9999 -9999 -9999 -9999 -9999 -9999 -9999 -9999 -9999 -9999 -9999 -9999 -9999 -9999
35 35 35 35 20 20 20 20 20 20 20 35 50 80 80 80 80 80 80 -9999 80 80 80 80 80 85 85 75 75 75 70 75 75 75 40 40 40 -9999 -9999 -9999 -9999 -9999 -9999 -9999 -9999 -9999 95 95 95 95 95 95 95 95 95 95 95 95 -9999 -9999 -9999 -9999 -9999 -9999 -9999 -9999 -9999 -9999 -9999 -9999 -9999 -9999 -9999 -9999 -9999 -9999 -9999 -9999 -9999 -9999 -9999 -9999 -9999 -9999
10 35 35 35 75 75 75 20 20 20 50 50 35 80 80 80 80 -9999 40 40 80 80 80 80 85 85 85 85 70 70 70 50 50 55 55 -9999 -9999 -9999 -9999 -9999 -9999 -9999 -9999 -9999 -9999 -9999 -9999 95 95 95 95 95 95 95 -9999 -9999 -9999 -9999 -9999 -9999 -9999 -9999 -9999 -9999 -9999 -9999 -9999 -9999 -9999 -9999 -9999 -9999 -9999 -9999 -9999 -9999 -9999 -9999 -9999 -9999 -9999 -9999 -9999 -9999
50 35 35 55 55 55 35 75 35 35 35 50 50 80 -9999 40 40 40 40 40 80 80 85 85 75 85 85 85 50 50 50 55 55 55 -9999 -9999 -9999 -9999 -9999 -9999 -9999 -9999 -9999 -9999 95 95 -9999 -9999 -9999 -9999 -9999 -9999 -9999 -9999 -9999 -9999 -9999 -9999 -9999 -9999 -9999 -9999 -9999 -9999 -9999 -9999 -9999 -9999 -9999 -9999 -9999 -9999 -9999 -9999 -9999 -9999 -9999 -9999 -9999 -9999 -9999 -9999 -9999 -9999
35 50 50 55 55 55 55 55 35 35 35 45 45 40 40 30 30 15 90 90 80 85 85 85 75 75 85 60 60 55 55 55 55 40 -9999 -9999 -9999 -9999 -9999 -9999 -9999 -9999 -9999 -9999 -9999 -9999 -9999 -9999 -9999 -9999 -9999 -9999 -9999 -9999 -9999 -9999 -9999 -9999 -9999 -9999 -9999 -9999 -9999 -9999 -9999 -9999 -9999 -9999 -9999 -9999 -9999 -9999 -9999 -9999 -9999 -9999 -9999 -9999 -9999 -9999 -9999 -9999 -9999 -9999
75 35 55 55 55 55 55 50 50 50 45 45 -9999 40 40 15 15 15 90 90 90 35 35 35 75 40 40 30 60 -9999 -9999 -9999 -9999 -9999 -9999 -9999 -9999 -9999 -9999 -9999 -9999 -9999 -9999 -9999 -9999 -9999 -9999 -9999 -9999 -9999 -9999 -9999 -9999 -9999 -9999 -9999 -9999 -9999 -9999 -9999 -9999 -9999 -9999 -9999 -9999 -9999 -9999 -9999 -9999 -9999 -9999 -9999 -9999 -9999 -9999 -9999 -9999 -9999 -9999 -9999 -9999 -9999 -9999 -9999
-9999 60 60 60 60 60 60 50 50 45 45 45 40 40 40 35 35 35 35 15 15 15 35 35 35 35 60 60 -9999 -9999 -9999 -9999 -9999 -9999 -9999 -9999 -9999 -9999 -9999 -9999 -9999 -9999 -9999 -9999 -9999 -9999 -9999 -9999 -9999 -9999 -9999 -9999 -9999 -9999 -9999 -9999 -9999 -9999 -9999 -9999 -9999 -9999 -9999 -9999 -9999 -9999 -9999 -9999 -9999 -9999 -9999 -9999 -9999 -9999 -9999 -9999 -9999 -9999 -9999 -9999 -9999 -9999 -9999 -9999
-9999 -9999 -9999 -9999 -9999 60 60 60 60 -9999 -9999 35 35 35 35 35 35 35 35 35 35 -9999 -9999 -9999 -9999 -9999 -9999 -9999 -9999 -9999 -9999 -9999 -9999 -9999 -9999 -9999 -9999 -9999 -9999 -9999 40 -9999 -9999 -9999 -9999 -9999 -9999 -9999 -9999 -9999 -9999 -9999 -9999 -9999 -9999 -9999 -9999 -9999 -9999 -9999 -9999 -9999 -9999 -9999 -9999 -9999 -9999 -9999 -9999 -9999 -9999 -9999 -9999 -9999 -9999 -9999 -9999 -9999 -9999 -9999 -9999 -9999 -9999 -9999
-9999 -9999 -9999 -9999 -9999 -9999 -9999 -9999 -9999 -9999 -9999 -9999 -9999 -9999 -9999 -9999 -9999 -9999 -9999 -9999 -9999 -9999 -9999 -9999 -9999 -9999 -9999 -9999 -9999 -9999 -9999 -9999 -9999 -9999 -9999 -9999 -9999 -9999 -9999 -9999 40 40 -9999 -9999 -9999 -9999 -9999 -9999 -9999 -9999 -9999 -9999 -9999 -9999 -9999 -9999 -9999 -9999 -9999 -9999 -9999 -9999 -9999 -9999 -9999 -9999 -9999 -9999 -9999 -9999 -9999 -9999 -9999 -9999 -9999 -9999 -9999 -9999 -9999 -9999 -9999 -9999 -9999 -9999
-9999 -9999 -9999 -9999 -9999 -9999 -9999 -9999 -9999 -9999 -9999 -9999 -9999 -9999 -9999 -9999 -9999 -9999 -9999 -9999 -9999 -9999 -9999 -9999 -9999 -9999 -9999 -9999 -9999 -9999 -9999 -9999 -9999 -9999 -9999 -9999 -9999 -9999 -9999 -9999 -9999 -9999 -9999 -9999 -9999 -9999 -9999 -9999 -9999 -9999 -9999 -9999 -9999 -9999 -9999 -9999 -9999 -9999 -9999 -9999 -9999 -9999 -9999 -9999 -9999 -9999 -9999 -9999 -9999 -9999 -9999 -9999 -9999 -9999 -9999 -9999 -9999 -9999 -9999 -9999 -9999 -9999 -9999 -9999
-9999 -9999 -9999 -9999 -9999 -9999 -9999 -9999 -9999 -9999 -9999 -9999 -9999 -9999 -9999 -9999 -9999 -9999 -9999 -9999 -9999 -9999 -9999 -9999 -9999 -9999 -9999 -9999 -9999 -9999 -9999 -9999 -9999 -9999 -9999 -9999 -9999 -9999 -9999 -9999 -9999 -9999 -9999 -9999 -9999 -9999 -9999 -9999 -9999 -9999 -9999 -9999 -9999 -9999 -9999 -9999 -9999 -9999 -9999 -9999 -9999 -9999 -9999 -9999 -9999 -9999 -9999 -9999 -9999 -9999 -9999 -9999 -9999 -9999 -9999 -9999 -9999 -9999 -9999 -9999 -9999 -9999 -9999 -9999
