Datasets/household2.asc
ncols         383
nrows         239
xllcorner     -73.976723696231
yllcorner     45.396293541168
cellsize      0.0013089085639051
NODATA_value  -9999
[rows 74 to 110 of 239, columns 249 to 331 of 383]
-9999 -9999 -9999 -9999 -9999 -9999 -9999 -9999 -9999 90 90 50 50 65 65 60 75 60 60 60 50 50 45 55 55 55 50 40 60 60 60 60 60 75 75 60 60 230 230 230 230 230 230 230 230 230 230 230 230 230 230 115 115 115 115 115 115 115 115 115 115 115 115 115 115 115 115 115 115 50 50 45 45 45 80 60 85 85 85 85 125 80 80
-9999 -9999 -9999 -9999 -9999 -9999 -9999 -9999 -9999 90 90 90 90 50 60 60 60 60 45 45 45 70 45 45 45 55 55 55 60 60 120 120 120 75 85 60 85 230 230 230 230 230 230 230 230 230 230 230 230 230 230 115 115 115 115 115 115 115 115 115 115 115 115 115 115 115 115 115 40 40 70 45 45 45 80 80 125 85 80 80 80 125 80
-9999 -9999 -9999 -9999 -9999 -9999 -9999 -9999 90 90 90 55 55 55 55 60 60 50 45 45 50 30 70 70 45 65 65 65 60 60 60 60 60 85 85 85 85 85 85 85 85 230 230 230 230 230 230 230 230 230 230 115 115 115 115 115 115 115 115 115 115 115 115 115 115 115 115 115 40 40 70 70 70 70 45 80 125 125 80 80 80 80 125
-9999 -9999 -9999 -9999 -9999 -9999 -9999 -9999 90 65 65 55 55 55 70 70 60 60 50 50 50 30 30 70 70 60 60 60 60 60 60 85 85 85 85 85 85 85 85 85 85 85 85 230 230 230 230 230 230 230 155 155 30 30 30 40 115 115 115 115 115 115 115 115 115 115 115 40 40 40 70 70 65 65 65 80 80 125 125 125 125 45 45
-9999 -9999 -9999 -9999 -9999 -9999 -9999 -9999 85 65 65 90 70 70 70 70 60 60 60 60 60 110 110 80 60 60 60 60 60 60 85 85 85 85 85 85 85 85 85 85 85 85 85 85 85 230 230 230 230 105 155 155 155 155 95 95 40 115 115 115 115 95 115 115 115 40 40 55 55 55 70 70 65 65 65 80 80 80 80 80 80 60 60
-9999 -9999 -9999 -9999 -9999 -9999 -9999 70 85 130 130 70 70 70 65 65 65 65 60 60 60 80 80 80 60 60 60 60 60 60 85 85 85 85 85 85 85 85 85 85 85 85 85 85 85 85 85 230 105 105 105 105 155 155 95 95 115 115 115 95 95 95 95 115 115 40 40 40 55 50 95 95 95 95 95 50 90 90 40 60 60 60 70
-9999 -9999 -9999 -9999 -9999 -9999 -9999 70 70 130 130 70 70 70 70 65 50 65 65 55 55 55 70 70 55 55 55 90 60 85 85 85 85 85 85 85 85 85 85 85 85 85 85 85 85 85 85 85 85 105 105 105 55 55 55 55 65 65 120 120 120 95 95 95 235 235 235 40 40 50 95 60 60 60 95 45 45 40 40 70 70 70 70
-9999 -9999 -9999 -9999 -9999 85 85 70 130 130 65 65 70 70 40 40 50 65 65 70 70 55 55 55 55 55 55 55 85 85 85 85 85 85 85 85 85 80 80 80 80 85 85 85 85 85 85 85 85 85 80 105 115 115 115 55 65 65 120 120 120 95 95 235 235 235 235 235 235 40 60 60 60 60 45 45 45 40 40 70 70 70 70
-9999 -9999 -9999 -9999 -9999 85 85 85 60 130 65 45 45 45 50 50 50 70 70 70 70 55 90 55 55 55 55 55 85 85 85 80 85 85 85 110 45 85 85 50 50 60 85 85 60 60 60 60 80 80 80 80 80 80 80 115 80 125 125 125 120 95 95 235 235 235 235 235 235 235 40 60 60 60 45 45 65 65 65 70 70 105 105
-9999 -9999 -9999 -9999 -9999 60 60 60 60 130 45 45 65 65 50 50 75 75 70 90 90 90 90 55 55 55 90 90 90 85 80 80 80 80 110 45 50 50 85 60 60 60 60 60 60 60 60 60 80 80 80 80 80 80 80 80 80 40 40 125 125 235 235 235 235 235 235 235 235 235 235 235 235 235 45 45 65 65 65 70 70 105 105
-9999 -9999 -9999 -9999 85 60 60 60 70 100 100 45 45 45 70 70 75 75 75 75 75 55 55 55 55 55 90 90 90 90 80 80 80 110 110 45 45 50 50 60 60 60 60 60 60 60 80 80 80 80 80 80 80 80 80 80 80 80 125 125 125 235 235 235 235 235 235 235 235 235 270 270 235 235 235 235 65 65 50 50 50 50 105
-9999 -9999 -9999 -9999 60 60 60 60 110 100 100 100 100 70 70 70 60 75 75 55 55 55 55 55 55 55 90 90 90 90 90 90 80 70 70 110 110 45 50 60 60 60 60 60 60 80 75 75 80 80 80 80 80 80 80 80 80 80 80 50 50 235 235 235 235 235 235 235 235 235 270 270 235 75 75 235 235 70 50 50 50 50 105
-9999 -9999 -9999 145 60 60 110 110 110 70 100 100 100 65 65 60 60 80 50 55 55 55 55 55 55 55 55 55 55 90 90 90 50 80 80 75 75 75 75 75 75 75 80 55 80 75 75 75 70 70 80 80 80 80 80 80 80 80 50 50 50 50 65 65 235 235 460 460 460 460 270 270 270 120 120 235 235 50 50 70 105 105 105
-9999 -9999 145 45 60 60 60 60 65 65 65 100 65 65 65 65 80 80 50 55 55 55 55 55 55 55 55 55 55 55 55 90 50 50 50 50 75 75 75 75 75 75 80 55 35 35 70 70 70 80 80 165 165 165 165 80 50 50 50 50 50 50 50 65 65 75 75 75 460 460 60 60 75 120 120 120 120 50 70 100 100 100 195
145 145 75 45 75 75 60 60 60 75 75 75 65 65 65 40 40 80 75 55 55 55 55 55 55 55 55 55 75 55 55 55 55 55 55 50 50 75 75 75 80 80 55 80 35 70 70 70 70 55 55 165 165 165 165 50 50 50 50 50 50 50 50 65 65 60 60 120 120 120 85 65 75 75 75 40 40 40 70 100 100 100 100
145 145 75 75 125 75 75 75 50 50 75 55 55 70 70 70 75 75 75 75 75 75 40 40 55 55 80 75 75 75 55 55 55 55 55 55 55 50 40 80 80 80 55 55 35 70 70 70 70 70 165 165 165 165 165 50 50 50 50 50 50 50 50 65 85 85 60 85 85 120 85 65 65 65 65 75 75 75 40 100 100 100 100
50 50 75 125 125 125 75 50 50 50 50 55 55 30 30 30 30 75 75 75 40 40 40 40 40 80 80 80 80 50 80 85 80 95 95 95 45 45 45 40 40 40 55 55 70 70 70 70 70 70 165 165 165 50 50 50 50 45 45 90 50 50 50 50 85 85 85 85 85 85 65 65 65 65 65 65 135 75 100 100 100 100 100
50 50 50 80 125 70 50 50 50 50 60 95 95 95 95 30 75 75 75 40 40 40 40 40 40 40 40 80 80 50 55 85 95 95 45 45 45 60 60 45 40 40 40 70 70 70 60 60 60 100 100 165 50 50 50 50 50 45 85 90 90 90 50 50 80 85 85 85 85 85 65 65 65 65 135 135 135 135 135 135 135 135 135
50 50 110 80 80 70 70 50 50 60 60 60 95 95 40 40 40 75 75 40 40 40 40 40 40 40 40 90 90 55 85 95 95 95 80 80 60 60 60 50 40 40 85 85 70 70 60 60 60 100 100 80 50 30 30 30 75 75 85 60 60 60 60 50 55 60 80 55 80 65 65 65 65 65 135 135 135 135 135 135 135 135 135
75 75 65 110 110 55 70 70 70 60 75 75 65 35 95 40 40 75 40 40 40 40 40 40 40 40 40 65 65 65 65 95 95 95 80 80 80 50 50 50 85 85 85 85 85 85 70 60 60 100 100 80 80 65 100 100 75 75 75 60 60 60 60 60 60 60 55 55 55 70 70 90 50 55 55 55 135 135 135 135 135 135 135
65 65 65 110 55 55 55 80 80 45 75 75 35 35 35 35 95 40 75 75 40 105 105 40 40 50 55 60 60 60 35 35 95 95 75 75 75 75 85 85 85 85 85 85 85 85 85 100 100 100 80 80 80 65 100 100 35 50 60 60 60 80 80 80 60 60 80 70 70 70 70 90 50 55 80 80 80 80 90 135 135 135 135
65 65 65 60 60 55 80 80 80 80 45 50 35 35 35 35 75 75 75 75 45 105 105 105 105 65 50 55 55 60 35 35 55 55 60 60 85 85 85 45 45 70 70 40 85 85 85 85 85 215 80 70 70 100 35 35 35 35 50 50 135 135 135 80 55 80 80 60 60 60 65 50 65 65 80 80 85 85 85 90 90 135 135
85 85 85 60 60 65 80 80 80 80 50 50 35 35 35 35 35 75 75 90 45 45 45 105 105 65 65 65 60 60 45 45 45 60 60 60 60 85 55 45 45 70 70 60 60 50 50 215 215 215 215 215 65 80 80 80 50 50 35 35 135 80 80 55 55 80 70 60 60 60 65 65 65 65 65 65 85 85 90 90 90 135 135
75 85 85 75 75 65 65 80 55 55 55 50 35 35 35 35 70 70 70 40 40 65 65 60 40 65 65 60 60 60 45 45 45 40 45 45 60 65 55 55 70 70 70 60 60 50 65 50 65 65 65 65 65 80 80 80 80 50 35 35 35 70 70 70 80 80 70 70 55 55 55 80 65 65 65 85 85 85 90 90 90 85 85
75 75 75 100 75 75 90 50 50 50 45 45 35 70 70 70 70 70 70 70 80 65 65 85 60 45 45 45 45 45 40 55 45 30 45 65 65 65 65 55 55 55 55 60 50 50 50 50 65 65 65 65 65 60 60 50 50 50 35 35 35 60 60 70 70 65 70 70 70 70 80 80 80 65 85 85 85 85 80 80 80 85 85
105 100 100 100 100 55 90 90 50 50 65 45 35 70 70 70 70 70 70 80 80 80 80 80 80 80 55 55 55 55 50 40 40 60 30 65 65 65 65 55 55 55 55 115 50 65 65 65 50 50 50 65 65 70 60 70 70 35 60 60 35 60 60 60 60 65 65 65 65 65 55 55 55 65 55 65 65 85 55 55 160 105 65
105 105 105 100 70 55 55 55 65 65 65 65 70 70 70 70 70 70 70 80 80 80 80 80 80 80 50 55 80 80 50 50 60 60 60 65 65 70 65 70 115 115 115 115 75 95 95 185 50 50 50 185 60 60 70 75 75 100 100 100 60 60 60 60 55 55 65 65 65 65 310 55 55 55 55 65 65 100 100 100 160 160 160
90 90 90 105 70 70 70 55 55 55 65 35 70 70 65 100 100 100 80 80 80 80 80 80 80 50 50 50 80 80 80 50 65 25 70 70 70 70 65 70 115 115 85 85 75 75 75 95 185 185 185 110 75 75 75 75 75 75 75 80 75 75 60 60 65 65 65 65 310 310 310 310 55 85 65 65 65 100 100 95 95 95 160
90 45 45 45 45 70 70 70 55 40 40 50 70 70 35 35 35 80 80 80 80 80 80 80 80 50 50 50 50 50 50 80 65 50 50 65 65 115 115 115 115 115 85 85 85 85 85 75 185 185 185 110 110 110 75 75 75 75 75 80 80 80 85 85 110 110 95 310 310 310 310 310 310 310 310 95 95 95 95 95 95 55 55
90 55 55 55 75 70 70 55 55 55 100 50 50 50 50 45 45 55 55 80 80 80 50 80 50 50 50 50 50 50 50 50 50 100 100 65 65 65 65 115 115 85 85 85 85 85 85 55 75 210 210 210 110 80 75 75 75 75 80 80 80 85 85 85 85 95 95 215 215 310 310 310 310 310 310 310 310 310 110 110 90 90 90
65 65 55 55 75 75 75 75 100 100 100 100 50 50 50 95 95 95 45 45 45 80 50 50 50 50 50 50 50 50 50 50 50 50 50 50 50 55 115 115 115 85 85 85 85 85 55 85 85 210 210 210 210 80 80 80 75 75 80 80 80 75 75 75 75 95 95 215 215 310 310 380 310 310 310 310 310 310 195 195 195 195 90
65 65 105 105 105 75 75 75 100 100 100 50 50 50 30 50 50 95 90 45 45 65 50 50 50 50 50 50 50 50 50 50 50 50 50 50 55 55 55 55 55 85 70 70 70 50 70 70 105 210 210 210 110 110 110 80 75 75 75 80 100 100 100 100 95 95 215 215 215 310 310 380 380 380 380 310 195 195 195 195 195 195 195
80 65 105 105 105 75 75 55 55 55 55 65 50 30 30 30 30 65 90 90 70 65 80 80 45 35 50 50 50 50 50 50 50 50 50 70 70 70 70 80 55 80 80 80 70 70 70 105 105 105 105 110 110 110 55 55 65 65 55 95 95 100 100 100 100 215 215 215 215 380 380 380 380 380 380 380 195 195 195 195 195 195 195
60 65 65 65 130 130 50 50 50 80 80 65 50 50 45 30 45 45 65 45 70 70 45 45 40 80 50 50 50 50 50 50 50 50 50 125 70 70 80 80 80 80 80 100 100 70 70 105 105 105 105 120 120 120 55 65 65 65 95 95 95 95 95 0 0 0 0 215 215 215 215 215 215 215 215 195 195 195 195 195 195 195 110
65 65 65 65 130 130 50 65 65 65 65 65 50 50 50 50 50 50 75 75 75 75 45 45 75 75 75 50 50 50 50 50 50 50 125 125 125 125 125 80 80 80 80 100 100 100 100 105 105 90 90 70 90 90 65 55 55 55 95 95 95 95 95 0 0 0 0 0 0 0 215 215 215 215 0 0 0 0 195 195 195 195 195
105 105 130 130 130 65 65 65 65 65 65 50 50 50 50 50 75 75 75 75 75 75 75 75 75 75 60 60 45 45 45 45 45 80 80 80 65 65 125 135 135 135 100 100 100 100 100 100 100 110 110 110 110 80 80 35 95 95 95 95 95 95 0 0 0 0 0 0 0 0 0 0 0 215 0 0 0 0 0 0 0 195 195
105 105 90 90 90 65 65 65 65 65 65 50 50 50 50 50 75 75 75 75 75 75 75 75 75 75 60 60 55 55 55 45 55 55 80 80 65 65 60 135 60 75 75 110 110 105 105 105 70 70 100 100 135 135 135 70 125 125 125 125 40 95 0 0 0 0 0 0 0 0 0 0 0 0 0 0 0 0 0 0 0 0 0
