Datasets/household1.asc
ncols         383
nrows         239
xllcorner     -73.976723696231
yllcorner     45.396293541168
cellsize      0.0013089085639051
NODATA_value  -9999
[rows 180 to 215 of 239, columns 246 to 327 of 383]
20 20 20 20 90 40 170 145 145 145 145 145 160 75 75 75 75 65 65 160 75 75 95 95 35 35 35 40 40 75 75 75 75 135 135 235 235 235 85 85 85 85 85 85 0 250 250 250 155 155 155 120 120 125 205 425 -9999 -9999 125 125 125 125 125 155 155 135 135 135 75 75 170 170 170 170 170 170 170 170 170 170 170 -9999
20 20 75 75 90 90 60 60 105 145 145 145 160 160 160 120 120 120 125 160 160 95 95 95 95 95 40 40 75 75 75 155 135 135 135 135 85 85 85 85 85 85 0 250 250 250 135 135 125 125 125 120 205 205 205 -9999 125 125 125 125 125 125 125 155 155 120 145 135 135 170 170 170 170 170 170 170 170 170 170 -9999 -9999 -9999
175 225 225 225 95 110 80 80 105 105 105 130 160 160 105 105 105 105 125 125 160 95 95 95 95 95 120 40 75 120 120 155 155 135 240 240 85 85 85 85 85 0 0 250 250 285 135 135 310 120 205 205 205 205 -9999 125 125 125 125 125 125 125 125 135 135 120 110 110 195 195 195 195 195 195 170 170 170 -9999 -9999 -9999 -9999 -9999
175 225 225 225 130 95 70 75 80 75 75 75 75 100 100 100 210 210 90 90 90 40 95 95 95 120 120 120 45 120 120 120 120 240 240 70 240 240 240 245 0 0 0 285 285 285 285 310 310 310 205 205 205 -9999 125 125 125 125 -9999 125 125 125 125 150 150 130 110 170 195 195 195 195 195 -9999 -9999 -9999 -9999 -9999 -9999 -9999 395 395
175 175 240 240 130 30 30 70 155 155 155 75 75 100 100 210 210 210 210 90 90 135 40 155 155 100 45 45 95 130 130 130 130 135 135 245 245 70 245 0 0 0 0 285 285 285 285 310 310 310 -9999 -9999 125 125 125 125 125 125 125 105 125 125 125 150 150 130 130 195 195 195 195 195 195 -9999 -9999 -9999 -9999 395 395 395 395 170
175 240 240 240 240 100 100 30 180 180 180 155 100 100 100 210 210 210 280 280 135 135 135 290 290 100 100 100 130 130 130 130 130 245 245 0 0 0 0 0 0 0 0 0 0 285 -9999 125 125 125 125 125 125 125 125 125 125 105 105 105 105 125 125 200 180 180 90 160 160 195 195 195 195 -9999 -9999 395 395 395 395 395 170 170
175 240 240 120 120 120 100 180 180 180 180 50 85 100 65 65 210 210 280 280 280 280 225 225 225 290 160 245 130 130 245 245 245 245 0 0 0 0 0 0 0 0 0 0 0 230 125 125 125 125 125 125 125 125 125 125 -9999 145 145 145 220 105 105 95 95 180 90 160 240 240 195 195 195 -9999 -9999 395 40 40 40 210 210 170
80 80 80 80 80 120 120 120 120 50 50 50 50 65 65 65 165 165 165 280 470 470 160 160 160 245 245 245 245 245 245 245 245 0 0 0 0 0 0 0 0 0 0 -9999 -9999 230 230 230 60 60 60 60 125 125 125 125 -9999 145 145 145 220 105 105 95 95 95 135 160 160 240 195 195 195 -9999 -9999 395 210 210 210 210 210 170
75 75 80 80 80 80 95 120 120 50 50 50 95 95 95 95 95 95 90 75 510 510 245 245 245 245 245 245 245 245 0 0 0 0 0 0 0 0 0 0 0 -9999 60 230 230 230 230 230 135 90 90 90 125 125 95 95 -9999 270 270 270 270 170 170 190 190 190 190 190 190 190 325 325 325 -9999 -9999 395 210 210 170 170 170 95
75 80 80 80 80 95 95 95 40 50 50 50 105 105 105 90 90 90 90 90 510 245 245 245 245 245 245 0 0 0 0 0 0 0 0 0 0 -9999 -9999 60 60 60 60 105 75 75 75 75 135 90 90 165 165 140 140 140 -9999 270 270 270 265 265 210 80 80 80 80 325 325 325 325 325 325 -9999 -9999 395 395 15 95 95 95 95
185 70 80 80 80 95 95 95 40 40 40 40 105 105 110 110 80 90 90 245 245 245 245 245 0 0 0 0 0 0 0 0 0 0 0 -9999 60 60 60 60 60 60 60 120 80 80 80 80 120 125 80 165 165 165 140 140 270 270 270 270 265 265 265 170 170 170 170 100 100 100 325 325 325 -9999 -9999 395 15 15 115 115 115 115
35 70 70 95 95 95 95 40 40 40 40 40 40 110 110 110 110 245 245 245 245 245 245 0 0 0 0 0 0 0 0 0 0 -9999 60 60 60 60 60 60 115 115 140 120 105 105 105 120 120 125 80 80 80 80 140 140 -9999 95 95 95 95 95 95 120 120 120 120 95 95 65 325 325 325 -9999 395 395 15 115 115 115 115 115
35 35 35 80 80 80 100 100 100 40 40 40 110 110 245 245 245 245 245 245 245 245 0 0 0 0 0 0 0 0 -9999 60 60 60 60 60 60 60 60 110 110 115 140 120 120 120 105 120 120 120 80 80 80 110 110 140 -9999 95 95 95 95 95 95 105 105 105 105 75 75 205 205 -9999 -9999 -9999 930 930 930 930 930 930 210 210
35 35 35 35 35 35 80 80 100 100 220 220 110 245 245 245 245 245 245 245 245 0 0 0 0 0 0 -9999 45 45 45 45 45 45 60 60 60 60 60 60 110 115 115 65 150 150 130 130 130 130 75 75 75 110 110 110 130 130 130 130 110 110 110 75 75 75 75 140 140 205 -9999 -9999 -9999 930 930 930 930 930 930 930 930 210
70 70 35 35 35 35 30 80 80 80 220 220 120 235 235 245 245 245 245 245 0 0 0 0 0 0 45 45 45 45 45 45 45 45 45 45 60 60 100 100 100 100 115 65 150 150 135 135 125 125 145 145 145 95 95 120 130 130 130 130 115 115 115 80 85 85 85 205 205 205 -9999 -9999 930 930 930 930 930 930 930 930 930 930
70 70 70 35 35 35 30 30 30 120 120 120 120 120 120 120 245 245 245 0 0 0 0 0 45 45 45 45 45 45 45 45 45 45 45 45 45 60 30 30 100 100 90 90 165 165 165 160 160 160 95 95 95 95 -9999 120 105 105 105 100 115 115 115 170 170 170 170 165 165 -9999 -9999 -9999 930 930 930 930 930 930 930 930 930 930
70 70 70 35 30 30 30 70 45 45 45 120 120 120 120 120 245 0 0 0 0 0 0 45 45 45 45 45 45 45 45 45 45 45 45 45 45 30 105 105 105 145 70 90 60 165 165 135 140 140 95 95 -9999 -9999 120 95 95 95 95 95 100 100 100 180 180 180 180 165 -9999 -9999 -9999 930 930 930 930 930 930 930 930 930 930 930
160 160 70 70 70 70 45 45 45 75 75 75 75 75 75 75 0 0 0 0 0 0 45 45 45 45 45 45 45 45 45 45 45 45 45 45 45 30 105 105 105 145 70 90 60 120 120 95 140 140 140 -9999 105 105 120 75 75 75 75 75 130 130 130 90 90 90 90 125 -9999 -9999 -9999 930 930 930 930 930 930 930 930 930 930 930
160 160 160 160 45 45 45 45 45 75 75 75 75 75 75 135 135 135 0 0 -9999 45 45 45 45 45 45 45 45 45 45 45 45 45 45 45 785 785 105 105 105 120 80 100 100 120 120 120 140 140 140 120 105 105 105 105 105 105 105 110 110 110 85 90 90 125 125 -9999 -9999 -9999 -9999 930 930 930 930 930 930 930 930 930 930 930
160 160 160 160 160 160 160 160 45 75 75 75 75 135 135 135 135 135 135 135 45 45 45 45 45 45 45 45 45 45 45 45 45 45 45 785 785 150 150 150 150 120 80 80 150 125 125 125 95 95 30 30 30 30 30 95 95 95 105 125 125 125 125 125 125 125 -9999 -9999 -9999 -9999 -9999 930 930 930 930 930 930 930 -9999 -9999 -9999 -9999
65 65 65 65 235 235 235 235 235 135 135 135 135 135 135 135 135 -9999 45 45 45 45 45 45 45 45 45 45 45 45 45 45 45 45 250 250 250 0 0 0 0 0 120 150 150 125 125 125 125 130 130 130 130 130 90 90 75 105 105 130 130 130 130 130 130 -9999 -9999 -9999 -9999 -9999 -9999 930 930 930 930 930 930 -9999 -9999 -9999 -9999 -9999
120 120 90 90 90 235 235 135 135 135 135 135 135 135 135 135 -9999 45 45 45 45 45 45 45 45 45 45 45 45 45 45 45 170 170 250 250 0 0 0 0 0 0 0 0 0 0 0 0 -9999 0 0 0 130 130 95 90 95 95 110 110 110 130 130 -9999 -9999 -9999 -9999 -9999 -9999 -9999 -9999 -9999 -9999 -9999 -9999 -9999 -9999 -9999 -9999 -9999 -9999 -9999
45 45 95 90 90 135 135 135 135 135 135 -9999 30 30 30 30 30 45 45 45 45 45 45 45 45 45 45 45 45 45 45 170 170 170 170 0 0 0 0 0 0 0 0 0 0 0 -9999 -9999 0 0 0 0 0 0 0 0 0 0 95 110 110 110 130 -9999 -9999 -9999 -9999 -9999 -9999 -9999 -9999 -9999 -9999 -9999 -9999 -9999 -9999 -9999 -9999 -9999 -9999 -9999
110 110 95 95 95 135 135 135 135 135 30 30 30 30 30 30 30 30 30 45 45 45 45 45 45 45 45 45 45 70 70 250 250 250 0 0 0 0 0 0 0 0 0 0 0 0 0 0 0 0 0 0 0 0 0 0 0 0 0 0 0 0 -9999 -9999 -9999 -9999 -9999 -9999 -9999 -9999 -9999 -9999 -9999 -9999 -9999 -9999 -9999 -9999 -9999 -9999 -9999 -9999
110 110 110 95 95 95 95 135 -9999 30 30 30 30 30 30 30 30 30 60 60 60 45 45 45 45 45 45 45 70 70 40 250 250 250 0 0 0 0 0 0 0 0 0 0 0 0 0 0 0 0 0 0 0 0 0 0 0 0 0 0 -9999 -9999 -9999 -9999 -9999 -9999 -9999 -9999 -9999 -9999 -9999 -9999 -9999 -9999 -9999 -9999 -9999 -9999 -9999 -9999 -9999 -9999
110 175 175 95 95 -9999 -9999 30 30 30 30 30 30 30 30 30 30 50 50 60 60 75 45 45 45 45 90 90 90 90 40 40 0 0 0 0 0 0 0 0 0 0 0 0 -9999 40 40 40 40 75 75 0 0 0 0 0 0 0 -9999 -9999 -9999 -9999 -9999 -9999 -9999 -9999 -9999 -9999 -9999 -9999 -9999 -9999 -9999 -9999 -9999 -9999 -9999 -9999 -9999 -9999 -9999 -9999
175 175 175 95 75 75 75 75 75 30 30 30 30 30 30 30 30 50 50 75 75 75 55 55 55 90 90 90 90 40 40 40 40 65 65 0 0 0 0 0 0 0 0 -9999 40 40 40 40 40 40 75 75 40 40 40 40 60 60 -9999 -9999 -9999 -9999 -9999 -9999 -9999 -9999 -9999 -9999 -9999 -9999 -9999 -9999 -9999 -9999 -9999 -9999 -9999 -9999 -9999 -9999 -9999 -9999
175 -9999 95 95 75 75 75 75 75 75 30 30 30 30 30 30 60 75 55 55 55 55 55 90 90 105 105 105 90 40 40 40 85 85 85 85 85 85 130 0 0 0 0 40 40 40 40 40 40 40 75 75 60 40 40 60 60 -9999 -9999 -9999 -9999 -9999 -9999 -9999 -9999 -9999 -9999 -9999 -9999 -9999 -9999 -9999 -9999 -9999 -9999 -9999 -9999 -9999 -9999 -9999 -9999 -9999
-9999 95 95 95 75 75 75 75 75 75 30 30 30 30 30 30 60 35 60 145 145 145 90 90 90 105 90 90 60 60 150 150 65 65 65 85 85 85 85 85 85 85 -9999 75 75 75 40 40 40 75 75 60 60 60 60 60 -9999 -9999 -9999 -9999 -9999 -9999 -9999 -9999 -9999 -9999 -9999 -9999 -9999 -9999 -9999 -9999 -9999 -9999 -9999 -9999 -9999 -9999 -9999 -9999 -9999 -9999
95 95 95 75 75 75 75 75 75 75 75 30 30 30 30 30 45 35 35 145 145 145 90 90 115 55 55 55 70 35 150 150 65 65 65 85 85 70 85 85 140 140 140 140 80 80 80 60 60 95 95 95 60 -9999 -9999 -9999 -9999 -9999 -9999 -9999 -9999 -9999 -9999 -9999 -9999 -9999 -9999 -9999 -9999 -9999 -9999 -9999 -9999 -9999 -9999 -9999 -9999 -9999 -9999 -9999 -9999 -9999
115 115 115 75 75 75 75 75 75 75 75 75 30 30 30 35 35 35 45 145 90 90 65 115 115 115 70 70 70 70 70 150 150 160 160 85 85 85 85 140 140 140 125 125 80 80 85 60 60 60 60 60 -9999 -9999 -9999 -9999 -9999 -9999 -9999 -9999 -9999 -9999 -9999 -9999 -9999 -9999 -9999 -9999 -9999 -9999 -9999 -9999 -9999 -9999 -9999 -9999 -9999 -9999 -9999 -9999 -9999 -9999
95 115 110 75 75 75 125 125 125 125 125 75 125 50 50 30 30 30 30 90 65 65 65 65 115 115 35 35 35 70 150 160 160 160 160 160 160 85 80 125 125 125 125 125 75 75 85 85 85 85 60 -9999 -9999 -9999 -9999 -9999 -9999 -9999 -9999 -9999 -9999 -9999 -9999 -9999 -9999 -9999 -9999 -9999 -9999 -9999 -9999 -9999 -9999 -9999 -9999 -9999 -9999 -9999 -9999 -9999 -9999 -9999
95 110 110 110 120 125 125 125 125 125 125 125 125 50 50 50 115 115 40 45 180 180 180 125 125 125 20 90 90 120 90 120 160 160 160 160 85 80 80 80 75 75 75 75 250 75 80 80 80 60 -9999 -9999 -9999 -9999 -9999 -9999 -9999 -9999 -9999 -9999 -9999 -9999 -9999 -9999 -9999 -9999 -9999 -9999 -9999 -9999 -9999 -9999 -9999 -9999 -9999 -9999 -9999 -9999 -9999 -9999 -9999 -9999
95 95 110 110 120 120 120 120 120 125 125 125 50 105 105 105 40 115 40 45 180 180 180 180 125 125 20 90 90 90 120 120 120 -9999 140 140 140 140 95 95 70 70 70 250 250 250 250 250 250 -9999 -9999 -9999 -9999 -9999 -9999 -9999 -9999 -9999 -9999 -9999 -9999 -9999 -9999 -9999 -9999 -9999 -9999 -9999 -9999 -9999 -9999 -9999 -9999 -9999 -9999 -9999 -9999 -9999 -9999 -9999 -9999 -9999
65 65 95 110 120 120 120 120 120 120 120 35 35 60 60 50 40 40 40 40 110 110 180 125 125 90 90 90 90 90 90 90 -9999 140 140 140 140 175 175 175 175 175 175 95 250 250 250 -9999 -9999 -9999 -9999 -9999 -9999 -9999 -9999 -9999 -9999 -9999 -9999 -9999 -9999 -9999 -9999 -9999 -9999 -9999 -9999 -9999 -9999 -9999 -9999 -9999 -9999 -9999 -9999 -9999 -9999 -9999 -9999 -9999 -9999 -9999
65 65 65 65 135 135 135 120 120 35 35 35 60 105 105 50 40 40 40 40 110 110 110 125 140 140 90 90 90 90 90 -9999 140 140 140 140 140 100 100 100 100 175 175 275 275 25 -9999 250 250 250 -9999 -9999 -9999 -9999 -9999 -9999 -9999 -9999 250 250 250 250 250 250 -9999 -9999 -9999 -9999 -9999 -9999 -9999 -9999 -9999 -9999 -9999 -9999 -9999 -9999 -9999 -9999 -9999 -9999
