Datasets/household2.asc
ncols         383
nrows         239
xllcorner     -73.976723696231
yllcorner     45.396293541168
cellsize      0.0013089085639051
NODATA_value  -9999
[rows 148 to 184 of 239, columns 249 to 331 of 383]
45 35 35 65 65 55 50 50 50 50 75 70 100 100 170 170 170 50 20 25 15 45 45 45 50 50 55 55 55 55 35 35 70 70 70 70 70 70 90 90 90 160 160 160 160 160 160 160 160 160 160 95 95 45 45 45 45 55 100 100 85 85 160 160 115 115 115 220 220 130 130 130 130 145 145 245 245 245 385 190 -9999 -9999 -9999
35 35 35 55 55 50 50 50 50 50 50 100 100 100 50 50 50 20 25 15 55 55 335 335 50 50 55 55 55 55 50 50 50 70 70 20 20 90 90 90 160 160 160 160 160 160 160 160 160 160 160 160 160 45 45 45 45 90 100 80 80 100 155 155 155 55 55 50 120 120 120 150 150 150 150 245 385 385 385 -9999 -9999 -9999 -9999
35 35 35 30 30 50 50 50 50 50 100 100 100 85 85 25 25 130 105 180 175 55 335 335 335 55 55 55 50 50 50 50 50 50 20 20 20 20 20 20 20 160 160 160 160 160 160 160 160 160 160 160 160 160 45 100 100 100 90 75 80 80 230 230 155 55 50 115 120 120 120 65 150 150 245 385 385 385 190 190 -9999 -9999 -9999
45 30 30 30 30 55 55 55 50 50 95 100 55 55 85 60 60 75 105 180 335 335 335 335 80 80 80 75 85 50 50 20 20 20 20 20 20 20 20 20 20 160 160 160 160 160 160 160 160 160 160 160 160 160 160 120 100 100 100 100 105 230 230 230 230 155 155 255 255 65 65 65 65 65 245 385 385 385 -9999 190 -9999 -9999 -9999
45 30 30 30 30 55 55 50 95 95 95 100 55 55 55 130 130 105 60 50 40 80 80 80 80 80 80 80 55 55 55 20 20 20 20 20 20 20 20 20 20 20 20 20 20 160 160 160 160 160 160 160 160 160 160 100 105 105 105 110 110 230 230 230 230 230 285 255 255 255 255 65 65 175 175 175 190 190 190 190 -9999 -9999 -9999
40 45 30 30 30 55 55 95 95 100 100 55 55 55 60 30 30 30 50 50 40 40 90 90 80 65 80 85 55 55 55 55 55 20 20 20 20 20 20 20 20 20 20 20 20 160 160 160 160 160 160 160 160 160 75 90 90 90 125 115 390 390 230 230 230 230 285 285 255 35 35 35 35 175 175 175 -9999 -9999 190 190 -9999 -9999 -9999
45 45 45 45 55 55 55 95 95 55 95 55 55 55 30 30 30 30 30 155 40 90 90 90 65 65 65 55 55 55 55 55 55 0 20 20 20 20 20 20 20 20 20 20 20 160 160 160 160 160 160 160 160 160 210 210 90 90 35 125 390 390 390 230 230 285 285 105 285 285 285 285 255 175 175 190 -9999 190 190 190 -9999 -9999 -9999
45 45 50 50 50 50 55 95 55 55 55 55 105 50 50 50 80 80 155 155 95 95 120 120 65 65 55 55 55 55 55 55 0 0 0 0 0 0 20 20 20 20 20 160 160 160 160 160 160 160 160 160 160 210 210 210 210 210 35 35 390 390 390 530 530 530 285 285 285 285 255 255 255 255 190 190 190 190 190 -9999 -9999 190 -9999
50 50 50 50 50 50 55 55 55 55 55 50 105 50 50 55 80 80 75 75 75 125 120 120 120 55 55 55 55 55 55 0 0 0 0 0 0 0 0 0 20 20 20 160 160 160 160 160 160 160 160 160 160 210 210 210 210 210 210 390 390 390 530 530 530 530 530 285 285 255 255 255 255 255 190 -9999 -9999 -9999 -9999 -9999 -9999 190 -9999
160 60 60 60 50 55 55 55 75 75 75 105 45 50 50 80 75 75 75 75 75 125 125 125 125 55 55 55 55 0 0 0 0 0 0 0 0 0 0 0 0 0 160 160 160 160 160 160 160 160 160 160 125 125 210 210 210 210 390 390 390 390 530 530 530 530 530 530 530 255 255 255 255 255 190 -9999 -9999 190 190 -9999 -9999 190 -9999
160 160 160 160 60 55 55 75 75 75 75 75 50 50 25 70 110 110 75 75 125 125 125 115 115 90 55 55 0 0 0 0 0 0 0 0 0 0 0 0 160 160 160 160 160 160 160 160 160 160 125 125 125 220 125 125 280 390 390 390 390 530 530 530 530 530 530 530 255 255 255 255 255 255 190 190 -9999 -9999 -9999 -9999 -9999 190 -9999
280 160 55 55 55 55 35 35 35 55 55 80 80 60 70 110 45 45 75 125 125 125 115 90 90 90 55 55 0 0 0 0 0 0 0 0 0 0 0 0 160 160 160 160 160 160 160 160 160 160 125 125 145 145 220 280 280 280 280 280 530 530 530 530 530 530 530 480 480 500 500 500 160 160 160 -9999 -9999 -9999 -9999 190 -9999 190 -9999
500 500 55 55 55 90 90 35 65 55 80 80 60 60 50 5 5 5 125 125 160 70 90 90 90 55 55 0 0 0 0 0 0 0 0 0 0 0 0 160 160 160 160 160 160 160 160 160 240 125 190 190 190 190 145 280 280 280 280 975 975 530 530 530 530 530 480 480 480 500 500 500 500 225 225 -9999 190 -9999 -9999 190 -9999 190 -9999
500 135 135 135 135 90 35 30 65 50 80 80 25 40 5 5 5 5 110 105 125 45 80 80 80 55 0 0 0 0 0 0 0 0 0 0 160 160 160 160 160 160 160 160 160 160 160 240 240 75 305 305 190 190 280 280 280 280 280 975 975 975 530 530 530 530 480 480 185 500 500 500 500 225 225 -9999 190 -9999 -9999 190 -9999 190 190
500 135 135 135 135 35 35 30 65 60 25 25 40 40 65 55 110 105 105 105 70 80 80 80 80 70 0 0 0 0 0 0 0 0 0 0 160 160 160 160 160 160 160 160 160 160 240 240 240 210 210 210 210 195 65 65 975 975 975 975 975 975 975 975 480 480 480 480 185 185 270 500 500 100 225 190 190 -9999 -9999 190 -9999 190 190
135 135 40 35 35 65 65 55 65 60 60 60 50 65 55 110 110 105 105 70 70 70 115 70 70 70 140 295 295 295 175 175 65 135 70 70 120 120 120 120 120 120 120 120 120 120 240 240 210 210 210 70 70 140 90 25 975 975 975 975 975 975 115 480 480 480 480 185 270 270 435 435 435 100 100 190 190 -9999 190 190 -9999 190 190
135 135 135 25 25 65 65 40 40 35 35 35 75 65 25 120 80 80 80 80 70 115 115 140 140 140 140 140 170 170 175 175 65 70 70 70 70 70 70 120 120 120 240 240 240 240 240 210 210 210 210 230 230 90 90 25 25 295 295 975 975 115 115 210 480 480 185 185 270 435 435 245 245 245 100 190 190 -9999 190 190 190 190 190
125 135 25 25 25 65 40 40 40 35 45 45 115 115 25 120 55 115 115 115 115 115 140 140 140 140 140 70 70 170 70 70 70 70 70 70 70 70 70 70 120 120 240 240 240 240 240 210 210 210 125 95 95 95 25 70 25 295 295 295 115 115 80 80 210 210 870 270 270 870 435 245 245 0 -9999 190 190 -9999 190 190 190 190 190
125 125 105 25 65 65 65 65 35 35 50 50 115 80 60 55 55 115 115 115 115 115 140 140 140 140 50 50 70 70 70 70 70 70 70 70 70 70 70 70 75 75 75 75 75 75 240 240 105 290 290 115 115 140 70 85 295 295 30 30 30 30 80 80 870 870 870 870 870 870 870 0 0 -9999 -9999 190 190 190 190 190 190 190 190
125 50 50 105 105 105 65 55 35 35 80 80 80 80 80 85 85 115 115 115 115 80 65 65 140 140 50 50 70 70 70 70 70 70 70 70 70 70 70 70 75 75 75 85 85 85 85 65 65 105 105 255 255 255 255 255 50 50 50 50 30 65 80 80 870 870 870 870 870 870 870 0 0 0 0 0 0 190 190 190 190 190 190
35 50 60 60 95 95 60 55 55 60 10 80 80 80 80 85 85 110 110 110 100 55 65 65 50 50 50 50 70 70 70 70 70 70 70 45 45 45 45 45 50 50 50 50 85 85 65 65 135 135 90 90 90 255 255 255 80 50 50 50 65 425 425 425 425 425 425 425 -9999 205 205 0 0 0 0 0 0 0 0 0 0 0 190
35 35 45 60 75 75 75 60 50 75 85 40 40 40 40 45 45 85 70 70 45 45 100 65 65 65 50 50 45 70 70 70 70 35 35 45 45 45 45 45 65 65 50 50 65 65 65 195 195 90 90 90 90 255 255 80 85 85 65 65 425 425 425 425 425 425 425 -9999 205 205 205 105 105 105 105 0 0 0 0 105 105 105 105
35 45 45 45 75 75 75 75 50 50 85 85 85 60 60 60 85 85 70 70 70 45 45 100 100 100 100 45 45 75 75 35 35 35 50 50 50 45 65 65 65 65 60 75 75 65 65 195 90 90 90 90 90 90 80 80 85 70 70 70 50 50 425 425 425 205 205 205 205 205 205 105 105 105 105 105 105 105 105 105 105 105 105
45 45 45 75 75 75 75 55 55 55 85 85 85 85 60 60 60 65 70 70 70 45 45 45 100 100 100 45 75 75 75 75 75 50 50 50 50 60 60 60 60 90 50 50 220 220 220 150 150 150 90 90 90 90 80 80 70 70 100 100 100 425 425 425 170 205 205 205 205 205 205 105 105 105 105 105 105 105 105 105 105 105 105
45 45 45 75 75 75 75 75 75 85 85 85 85 60 60 60 125 65 65 65 55 45 45 195 130 195 195 130 45 75 75 75 50 50 50 65 65 60 60 60 45 90 90 75 220 150 150 150 150 150 150 105 105 105 60 70 55 55 100 200 200 200 -9999 170 170 115 115 205 205 205 85 105 105 105 105 105 105 105 105 105 105 105 105
55 55 75 75 55 75 75 40 40 40 40 85 85 125 125 60 125 125 55 55 55 195 195 130 130 130 130 130 130 45 45 45 50 50 60 60 65 65 65 65 45 45 90 90 120 120 120 150 150 120 345 105 60 60 60 60 205 205 200 200 200 -9999 170 170 170 115 120 120 120 85 105 105 75 75 75 105 105 105 105 105 105 105 105
55 55 75 75 55 55 55 55 40 40 40 90 90 90 155 90 125 140 55 55 165 115 75 130 130 130 130 130 130 45 45 45 95 95 95 60 60 65 45 45 45 45 45 45 120 150 150 150 120 345 345 90 60 60 90 100 205 205 205 -9999 -9999 170 170 170 170 95 120 120 120 110 95 95 75 75 75 105 105 105 105 105 105 105 105
55 70 70 70 55 55 55 55 55 40 90 90 90 90 40 90 95 95 140 140 115 115 115 75 95 95 95 130 105 105 45 75 75 75 75 95 85 85 85 95 45 45 45 120 150 150 120 120 120 345 345 90 90 90 100 100 100 205 -9999 185 185 170 110 110 95 95 120 120 110 110 95 95 70 70 70 105 105 105 105 105 105 105 105
55 70 70 70 55 55 55 55 85 85 85 90 90 90 40 40 105 105 105 80 80 85 115 85 75 95 95 95 105 105 55 55 75 75 75 80 80 80 95 95 95 150 150 150 90 130 130 130 130 130 255 255 115 115 115 75 100 255 185 185 185 185 115 115 115 115 90 90 110 110 70 70 75 75 75 75 75 105 105 105 105 105 105
45 70 70 70 70 70 70 85 85 85 85 90 75 75 80 80 100 105 105 80 80 80 85 85 85 75 75 75 105 100 100 100 55 55 55 120 80 80 80 80 80 80 150 90 90 90 130 130 135 135 255 255 255 255 255 255 -9999 115 115 90 90 90 90 90 80 90 85 85 110 110 45 45 105 105 105 105 105 105 105 105 105 105 105
45 45 85 70 70 70 70 90 90 90 90 75 75 75 75 100 100 100 55 55 55 80 85 85 95 95 75 75 75 75 55 100 100 100 130 120 120 80 80 80 80 80 80 90 90 90 90 90 100 135 135 255 255 255 255 -9999 115 115 115 115 115 115 80 80 80 80 85 85 75 105 105 105 105 105 105 105 105 105 105 105 105 105 105
45 45 85 85 85 85 85 85 85 90 90 90 90 90 60 60 55 60 60 95 95 45 60 60 70 70 55 55 95 95 75 55 130 130 130 130 130 90 90 80 80 80 185 185 90 90 100 100 100 100 100 255 255 255 255 115 115 115 115 95 95 95 135 80 80 55 55 55 75 105 105 105 105 105 105 105 105 105 105 -9999 -9999 -9999 -9999
45 85 45 85 85 85 85 85 85 95 90 90 90 90 60 60 70 60 60 110 110 45 45 45 70 70 55 55 55 55 130 130 105 105 105 90 90 90 90 90 90 0 185 185 185 100 100 100 100 100 100 155 255 -9999 -9999 115 115 115 115 115 95 95 135 135 135 80 80 105 105 105 105 105 105 105 105 105 105 105 -9999 -9999 -9999 -9999 295
80 85 85 60 60 75 85 85 85 95 95 95 65 65 65 130 70 70 110 110 110 110 110 70 70 55 55 55 125 130 130 130 130 90 90 90 90 90 90 0 185 185 185 130 130 105 105 105 85 155 155 155 -9999 115 115 115 115 115 115 115 95 95 115 100 135 135 110 105 105 105 105 105 105 105 105 105 -9999 -9999 -9999 -9999 295 295 560
60 50 85 70 70 75 75 75 75 95 95 70 70 70 70 130 130 70 110 110 110 110 110 85 70 55 100 100 125 125 130 135 135 90 90 90 90 90 0 0 185 185 55 130 130 250 85 155 155 155 155 -9999 115 115 115 115 115 115 115 115 85 85 115 75 75 90 90 90 90 90 90 105 105 105 -9999 -9999 -9999 -9999 -9999 295 560 560 560
60 90 50 60 60 70 70 70 70 70 75 75 75 65 65 70 70 70 65 110 110 110 85 85 85 45 100 100 100 100 135 135 55 135 135 135 70 0 0 0 55 55 55 55 250 250 250 155 155 155 -9999 115 115 115 115 -9999 115 115 115 115 95 95 100 75 110 90 90 90 90 90 -9999 -9999 -9999 -9999 -9999 -9999 -9999 295 295 560 560 560 560
135 90 40 40 60 105 105 105 70 70 75 75 65 65 65 65 70 70 75 65 75 75 80 55 55 55 115 115 115 115 90 90 70 70 55 70 0 0 0 0 55 55 55 55 250 250 250 -9999 -9999 115 115 115 115 115 115 115 120 115 115 115 95 95 100 100 90 90 90 90 90 90 -9999 -9999 -9999 -9999 295 295 295 295 215 215 560 560 560
