Datasets/household1.asc
ncols         383
nrows         239
xllcorner     -73.976723696231
yllcorner     45.396293541168
cellsize      0.0013089085639051
NODATA_value  -9999
[rows 144 to 179 of 239, columns 82 to 163 of 383]
-9999 -9999 -9999 -9999 -9999 -9999 -9999 -9999 -9999 -9999 -9999 -9999 -9999 -9999 -9999 -9999 -9999 -9999 -9999 -9999 -9999 -9999 -9999 -9999 -9999 -9999 -9999 -9999 -9999 -9999 -9999 -9999 -9999 -9999 -9999 -9999 -9999 -9999 -9999 -9999 -9999 -9999 -9999 -9999 -9999 -9999 -9999 -9999 -9999 -9999 -9999 -9999 -9999 -9999 -9999 -9999 -9999 -9999 -9999 -9999 -9999 -9999 -9999 -9999 -9999 -9999 -9999 -9999 -9999 -9999 -9999 -9999 -9999 -9999 -9999 -9999 -9999 -9999 -9999 -9999 -9999 -9999
35 35 35 35 -9999 -9999 -9999 -9999 -9999 -9999 -9999 -9999 -9999 -9999 -9999 -9999 -9999 -9999 -9999 -9999 -9999 -9999 -9999 -9999 -9999 -9999 -9999 -9999 -9999 -9999 -9999 -9999 -9999 -9999 -9999 -9999 -9999 -9999 -9999 -9999 -9999 -9999 -9999 -9999 -9999 -9999 -9999 -9999 -9999 -9999 -9999 -9999 -9999 -9999 -9999 -9999 -9999 -9999 -9999 -9999 -9999 -9999 -9999 -9999 -9999 -9999 -9999 -9999 -9999 -9999 -9999 -9999 -9999 -9999 -9999 -9999 -9999 -9999 -9999 -9999 -9999 -9999
35 35 35 35 -9999 -9999 -9999 -9999 -9999 -9999 -9999 -9999 -9999 -9999 -9999 -9999 -9999 -9999 -9999 -9999 -9999 -9999 -9999 -9999 -9999 -9999 -9999 -9999 -9999 -9999 -9999 -9999 -9999 -9999 -9999 -9999 -9999 -9999 -9999 -9999 -9999 -9999 -9999 -9999 -9999 -9999 -9999 -9999 -9999 -9999 -9999 -9999 -9999 -9999 -9999 -9999 -9999 -9999 -9999 -9999 -9999 -9999 -9999 -9999 -9999 -9999 -9999 -9999 -9999 -9999 -9999 -9999 -9999 -9999 -9999 -9999 -9999 -9999 -9999 -9999 -9999 -9999
45 45 45 35 35 -9999 -9999 -9999 -9999 -9999 -9999 -9999 -9999 -9999 -9999 -9999 -9999 20 20 385 385 385 385 385 385 385 385 385 385 385 385 385 -9999 -9999 -9999 -9999 -9999 -9999 -9999 -9999 -9999 -9999 -9999 -9999 55 55 55 55 -9999 -9999 -9999 -9999 -9999 -9999 -9999 -9999 -9999 -9999 -9999 -9999 -9999 -9999 -9999 -9999 -9999 -9999 -9999 -9999 -9999 -9999 -9999 -9999 -9999 -9999 -9999 -9999 -9999 -9999 -9999 -9999 -9999 -9999
45 45 45 45 45 35 35 35 -9999 -9999 -9999 -9999 -9999 -9999 -9999 -9999 -9999 20 20 385 385 385 385 385 385 385 385 385 385 385 385 385 385 385 385 -9999 -9999 -9999 -9999 -9999 50 50 60 60 50 55 55 55 55 55 55 55 55 -9999 -9999 -9999 -9999 -9999 -9999 -9999 -9999 -9999 -9999 -9999 -9999 -9999 -9999 -9999 -9999 -9999 -9999 -9999 -9999 -9999 -9999 -9999 -9999 -9999 -9999 -9999 -9999 -9999
45 45 45 45 45 45 35 35 35 35 -9999 -9999 -9999 -9999 -9999 -9999 20 20 20 45 45 45 45 45 385 385 385 385 385 385 385 385 385 385 385 385 385 25 25 235 50 50 50 60 60 50 55 55 55 55 55 55 55 -9999 -9999 -9999 -9999 -9999 -9999 -9999 -9999 -9999 -9999 -9999 -9999 -9999 -9999 -9999 -9999 -9999 -9999 -9999 -9999 -9999 -9999 -9999 -9999 -9999 -9999 -9999 -9999 -9999
45 45 45 45 45 45 35 35 80 80 -9999 -9999 -9999 -9999 -9999 -9999 20 20 20 20 20 20 30 30 30 30 20 20 20 40 20 35 35 35 35 60 60 385 25 25 235 235 235 50 60 60 50 55 55 55 55 55 55 -9999 -9999 -9999 -9999 -9999 -9999 -9999 -9999 -9999 -9999 -9999 -9999 -9999 -9999 -9999 -9999 -9999 -9999 -9999 -9999 -9999 -9999 -9999 -9999 -9999 -9999 -9999 -9999 -9999
45 45 45 45 45 45 45 45 80 35 35 -9999 -9999 20 20 30 30 20 20 20 20 20 20 30 30 30 30 20 20 40 40 20 35 35 35 35 165 60 60 25 65 65 235 235 235 40 40 40 40 40 80 80 55 -9999 -9999 -9999 -9999 -9999 -9999 -9999 -9999 -9999 -9999 -9999 -9999 -9999 -9999 -9999 -9999 -9999 -9999 -9999 -9999 -9999 -9999 -9999 -9999 -9999 -9999 -9999 -9999 -9999
30 30 30 45 45 80 80 80 35 35 -9999 -9999 20 30 30 30 30 20 20 20 20 20 25 30 30 30 30 60 60 20 20 35 35 35 35 35 165 165 145 25 25 25 65 65 65 235 65 40 40 40 40 40 80 80 55 55 80 80 -9999 -9999 -9999 45 45 35 45 45 45 -9999 -9999 -9999 -9999 -9999 -9999 -9999 -9999 -9999 -9999 -9999 -9999 -9999 -9999 45
30 30 30 30 30 30 30 -9999 -9999 -9999 -9999 20 20 20 20 30 30 25 25 25 25 25 25 25 30 60 60 60 60 60 20 35 35 35 35 35 70 70 70 145 25 25 25 65 65 65 65 25 25 65 65 40 40 65 80 80 80 80 80 20 20 20 20 35 35 35 45 45 45 45 45 45 45 45 45 45 45 45 45 45 45 45
30 30 30 30 30 30 80 -9999 -9999 350 350 25 25 25 25 30 15 15 25 25 25 25 25 25 25 60 60 60 60 60 35 35 35 35 70 70 70 70 30 30 30 30 25 25 65 25 25 25 25 25 25 65 65 65 65 65 65 80 80 80 20 20 20 20 35 35 35 45 45 45 45 45 45 30 30 30 30 30 30 30 30 30
15 15 15 30 30 30 80 -9999 -9999 -9999 350 25 25 25 15 15 15 15 15 25 75 75 75 75 25 60 20 20 20 20 20 70 235 70 235 235 235 15 15 30 145 145 145 145 25 25 25 25 25 25 25 25 25 25 65 65 65 65 180 180 80 20 20 20 20 35 35 35 45 45 45 45 15 15 125 125 30 30 30 30 30 30
15 15 15 15 30 30 80 -9999 -9999 -9999 350 30 25 25 15 15 15 15 15 75 75 75 75 75 75 20 20 20 20 20 20 20 235 235 25 25 25 15 15 15 145 145 145 15 15 15 25 25 25 25 25 25 25 65 65 65 65 65 65 75 75 180 180 180 35 35 35 35 35 35 40 125 15 15 15 125 125 30 30 30 30 30
15 15 15 30 30 -9999 -9999 -9999 -9999 350 350 30 30 25 15 15 15 15 15 75 75 75 75 15 15 15 20 20 20 20 20 235 20 25 25 25 15 15 15 15 145 25 25 15 15 15 25 25 25 25 25 25 25 65 65 65 65 65 75 75 35 35 35 45 45 65 65 65 65 65 65 125 125 125 65 65 65 30 30 30 30 30
15 15 35 35 80 -9999 -9999 350 350 350 350 30 30 30 30 25 15 15 15 15 30 15 15 15 15 15 20 20 20 10 10 20 25 25 25 25 25 15 15 15 65 15 15 15 25 25 25 25 25 25 25 25 25 65 65 65 65 75 35 75 75 35 35 45 180 180 180 65 65 65 5 65 125 125 15 65 65 65 65 65 65 65
35 35 35 35 80 -9999 -9999 -9999 -9999 350 350 30 95 95 95 95 95 30 30 30 30 30 30 15 20 20 20 20 15 15 15 15 15 25 25 25 25 15 65 65 65 65 65 15 25 25 25 25 25 25 25 65 65 65 65 35 35 25 25 25 20 40 40 15 45 180 180 180 30 30 15 5 15 15 65 65 65 65 65 65 65 65
15 35 35 35 35 -9999 -9999 -9999 -9999 -9999 -9999 350 95 95 95 95 30 30 30 30 15 15 15 15 15 25 15 15 15 15 15 15 15 15 20 20 20 20 20 65 65 150 150 150 25 65 65 65 35 25 65 35 35 35 35 35 35 25 25 25 20 40 15 15 15 45 45 30 30 30 30 15 15 15 15 65 65 65 65 65 65 65
15 35 35 35 35 80 -9999 -9999 -9999 -9999 -9999 350 350 95 95 95 285 30 30 15 15 15 15 15 15 15 15 15 15 15 15 15 15 20 20 20 20 20 20 65 20 150 150 150 150 65 65 35 35 35 35 35 35 45 45 45 45 10 10 10 20 55 55 55 155 30 30 30 30 30 30 30 30 15 65 65 65 65 65 65 65 65
30 15 15 15 35 80 -9999 -9999 -9999 -9999 -9999 -9999 350 95 285 285 285 30 30 15 15 25 25 25 25 15 15 15 15 15 15 20 20 20 20 20 20 20 65 65 5 150 150 5 150 150 35 35 35 35 35 35 35 45 45 45 45 45 10 10 55 155 155 155 155 155 30 30 30 30 30 30 30 30 30 65 65 65 65 65 65 65
15 15 15 80 80 -9999 -9999 -9999 -9999 -9999 -9999 -9999 350 285 285 285 285 285 60 60 60 25 25 25 25 15 15 30 20 20 20 20 20 20 20 25 25 20 20 20 20 5 5 5 5 150 35 35 35 35 35 35 45 45 45 45 45 45 30 30 155 155 155 155 10 10 10 30 30 30 30 30 30 30 30 30 30 65 65 65 65 65
30 15 15 80 -9999 -9999 -9999 -9999 -9999 -9999 -9999 225 225 285 285 285 285 285 285 60 60 25 25 25 25 30 30 30 30 30 30 30 30 25 30 25 25 25 20 20 20 5 5 5 175 175 175 35 150 150 150 150 45 45 45 45 45 55 30 30 30 10 25 25 25 10 25 25 30 30 30 30 30 30 30 30 70 70 65 65 65 65
30 80 80 80 -9999 -9999 -9999 -9999 -9999 -9999 -9999 225 225 285 285 285 285 285 285 60 60 60 30 30 30 30 30 30 30 30 30 30 30 30 25 25 25 25 20 10 10 175 175 175 70 190 190 190 150 150 150 150 45 45 45 45 45 55 55 30 25 25 25 25 25 25 25 25 25 30 30 30 30 30 70 70 70 70 70 65 65 65
80 80 80 80 -9999 -9999 -9999 -9999 -9999 -9999 225 225 225 285 285 285 285 285 285 285 60 30 30 30 30 30 30 30 30 30 30 30 25 25 25 10 10 10 10 10 175 175 70 70 70 70 190 190 190 190 190 150 60 60 60 60 60 35 235 235 235 25 25 25 60 15 15 15 15 15 15 30 30 70 70 70 70 70 70 70 65 65
80 -9999 -9999 -9999 -9999 -9999 -9999 -9999 -9999 -9999 225 225 265 265 285 285 285 285 285 10 10 10 30 30 30 30 30 30 30 30 30 25 25 25 15 70 70 10 10 70 70 70 70 70 70 70 190 190 190 190 190 60 60 60 60 35 35 35 35 235 60 235 60 60 15 15 15 15 15 70 70 70 70 70 70 70 70 70 70 65 65 65
-9999 -9999 -9999 -9999 -9999 -9999 145 225 225 225 265 265 265 265 265 285 285 160 160 10 10 10 15 15 30 15 15 10 10 30 30 10 25 15 15 15 15 70 70 70 70 70 70 70 70 70 70 190 190 190 190 190 60 20 35 35 235 235 235 235 60 60 60 15 15 60 60 15 70 70 70 70 70 70 70 70 70 70 70 65 65 65
-9999 -9999 145 145 145 145 145 145 225 225 265 265 265 265 265 160 160 160 160 160 15 15 15 15 15 15 15 10 15 5 5 15 10 10 15 70 70 70 70 70 70 70 70 70 70 70 70 70 190 190 190 190 190 60 20 20 20 20 235 60 60 60 60 60 60 60 70 70 70 70 70 70 70 70 70 70 70 70 70 65 65 65
95 95 145 145 145 145 145 50 225 265 265 265 265 265 80 80 80 160 160 15 15 15 15 15 15 15 15 5 5 10 10 10 10 10 70 70 70 70 70 70 70 70 70 70 70 70 70 70 190 190 190 15 15 15 20 20 20 20 20 235 235 60 60 60 60 70 70 70 70 70 70 70 70 70 70 70 70 70 70 65 65 65
95 95 95 95 145 145 50 50 265 265 265 265 265 265 265 80 80 80 160 15 15 15 15 15 15 15 15 15 5 5 5 5 10 15 70 70 70 70 70 70 70 70 70 70 70 70 70 70 190 15 15 15 15 15 15 20 20 20 235 235 235 70 70 70 70 70 70 70 70 70 70 70 70 70 70 70 70 70 65 65 65 65
95 130 130 130 50 50 50 50 25 25 25 20 265 265 265 80 80 80 80 160 15 15 15 15 230 15 15 15 5 5 5 5 5 15 15 15 15 15 70 70 15 15 70 70 70 70 70 15 15 15 15 15 15 15 15 15 235 235 235 235 70 70 70 70 70 70 70 70 70 70 70 70 70 70 70 65 65 65 65 65 65 65
130 130 130 130 50 30 50 50 25 25 25 25 20 20 25 25 80 80 80 80 160 160 230 230 230 20 20 20 20 5 5 5 15 15 15 15 15 15 70 15 15 15 15 15 15 15 15 15 15 15 15 15 15 15 15 95 235 235 70 70 70 70 70 70 70 70 70 70 70 70 70 70 70 65 65 65 65 65 65 65 65 65
130 130 40 40 30 30 30 25 25 25 25 25 20 20 20 25 25 25 80 80 80 230 95 95 95 95 20 20 20 10 10 10 10 10 15 15 20 20 20 20 15 15 15 15 15 15 15 15 15 15 15 15 15 95 95 95 95 95 70 70 70 70 70 70 70 70 70 70 70 70 70 70 70 70 60 60 60 65 65 65 65 65
130 40 40 40 30 30 30 25 20 20 20 20 20 20 20 25 25 25 80 80 200 230 230 95 95 95 95 20 10 10 10 10 10 10 15 20 20 20 20 20 15 15 15 15 15 15 15 15 15 95 95 95 95 95 95 95 95 95 95 95 70 70 70 70 70 70 70 70 70 70 70 70 70 70 70 60 60 60 60 65 65 65
40 40 40 40 30 20 20 30 30 20 20 20 20 25 25 25 200 200 200 200 200 200 230 230 230 95 95 95 95 10 10 10 10 20 20 20 20 20 20 20 40 15 15 15 15 15 15 15 95 95 95 95 95 95 95 95 95 95 95 95 70 70 70 70 70 70 70 70 70 70 70 70 70 70 70 70 70 70 70 60 65 65
35 35 40 40 40 20 20 15 20 20 20 20 20 20 30 30 30 200 200 200 200 200 200 230 230 95 95 95 100 10 10 10 20 20 40 20 20 20 40 95 95 95 15 15 15 15 95 95 95 95 95 95 95 95 95 95 95 95 95 95 95 70 70 70 70 70 70 70 70 70 70 70 70 70 70 70 70 70 70 60 60 60
20 35 35 40 40 20 20 20 15 20 20 20 20 0 0 30 30 30 30 200 200 20 20 130 130 100 95 100 100 100 20 20 20 20 40 40 40 95 95 95 95 95 15 95 95 95 95 95 95 95 95 95 95 95 95 95 95 95 95 95 95 95 70 70 70 70 70 70 70 70 70 70 70 70 70 70 70 60 60 60 60 60
20 35 15 15 15 15 20 15 15 20 20 20 20 0 0 30 30 30 30 30 20 20 20 130 130 130 100 100 100 100 20 20 20 20 95 95 95 95 95 95 95 95 95 95 95 95 95 95 95 95 95 95 95 95 95 95 95 95 95 95 95 95 70 70 70 70 70 70 70 70 70 70 70 70 70 70 70 60 60 60 60 60
