Datasets/household2.asc
ncols         383
nrows         239
xllcorner     -73.976723696231
yllcorner     45.396293541168
cellsize      0.0013089085639051
NODATA_value  -9999
[rows 111 to 147 of 239, columns 166 to 248 of 383]
-9999 -9999 -9999 -9999 -9999 -9999 -9999 -9999 -9999 -9999 -9999 -9999 -9999 -9999 -9999 -9999 -9999 -9999 -9999 -9999 -9999 -9999 -9999 -9999 -9999 -9999 -9999 -9999 -9999 -9999 -9999 -9999 -9999 -9999 -9999 -9999 -9999 -9999 -9999 -9999 -9999 -9999 -9999 -9999 -9999 -9999 -9999 -9999 -9999 -9999 -9999 -9999 -9999 -9999 -9999 -9999 -9999 -9999 -9999 -9999 -9999 -9999 -9999 -9999 -9999 -9999 -9999 -9999 -9999 -9999 80 65 65 65 80 80 65 65 95 95 95 95 95
-9999 -9999 -9999 -9999 -9999 -9999 -9999 -9999 -9999 -9999 -9999 -9999 -9999 -9999 -9999 -9999 -9999 -9999 -9999 -9999 -9999 -9999 -9999 -9999 -9999 -9999 -9999 -9999 -9999 -9999 -9999 -9999 -9999 -9999 -9999 -9999 -9999 -9999 -9999 -9999 -9999 -9999 -9999 -9999 -9999 -9999 -9999 -9999 -9999 -9999 -9999 -9999 -9999 -9999 -9999 -9999 -9999 -9999 -9999 -9999 -9999 -9999 -9999 -9999 -9999 -9999 -9999 -9999 -9999 80 80 65 65 65 65 75 75 75 65 95 95 95 95
-9999 -9999 -9999 -9999 -9999 -9999 -9999 -9999 -9999 -9999 -9999 -9999 -9999 -9999 -9999 -9999 -9999 -9999 -9999 -9999 -9999 -9999 -9999 -9999 -9999 -9999 -9999 -9999 -9999 -9999 -9999 -9999 -9999 -9999 -9999 -9999 -9999 -9999 -9999 -9999 -9999 -9999 -9999 -9999 -9999 -9999 -9999 -9999 -9999 -9999 -9999 -9999 -9999 -9999 -9999 -9999 -9999 -9999 -9999 -9999 -9999 -9999 -9999 -9999 -9999 -9999 -9999 -9999 80 80 80 65 65 65 65 60 60 75 65 65 65 70 95
-9999 -9999 -9999 -9999 -9999 -9999 -9999 -9999 -9999 -9999 -9999 -9999 -9999 -9999 -9999 -9999 -9999 -9999 -9999 -9999 -9999 -9999 -9999 -9999 -9999 -9999 -9999 -9999 -9999 -9999 -9999 -9999 -9999 -9999 -9999 -9999 -9999 -9999 -9999 -9999 -9999 -9999 -9999 -9999 -9999 -9999 -9999 -9999 -9999 -9999 -9999 -9999 -9999 -9999 -9999 -9999 -9999 -9999 -9999 -9999 -9999 -9999 -9999 -9999 -9999 -9999 80 80 80 80 60 60 60 65 65 60 60 75 65 65 65 70 70
-9999 -9999 -9999 -9999 -9999 -9999 -9999 -9999 -9999 -9999 -9999 -9999 -9999 -9999 -9999 -9999 -9999 -9999 -9999 -9999 -9999 -9999 -9999 -9999 -9999 -9999 -9999 -9999 -9999 -9999 -9999 -9999 -9999 -9999 -9999 -9999 -9999 -9999 -9999 -9999 -9999 -9999 -9999 -9999 -9999 -9999 -9999 -9999 -9999 -9999 -9999 -9999 -9999 -9999 -9999 -9999 -9999 -9999 -9999 -9999 -9999 -9999 -9999 -9999 -9999 80 80 80 80 80 90 90 90 105 70 105 105 75 75 70 70 70 145
-9999 -9999 -9999 -9999 -9999 -9999 -9999 -9999 -9999 -9999 -9999 -9999 -9999 -9999 -9999 -9999 -9999 -9999 -9999 -9999 -9999 -9999 -9999 -9999 -9999 -9999 -9999 -9999 -9999 -9999 -9999 -9999 -9999 -9999 -9999 -9999 -9999 -9999 -9999 -9999 -9999 -9999 -9999 -9999 -9999 -9999 -9999 -9999 -9999 -9999 -9999 -9999 -9999 -9999 -9999 -9999 -9999 -9999 -9999 -9999 -9999 -9999 -9999 -9999 -9999 80 80 80 80 80 90 90 90 90 90 90 70 70 85 85 85 85 145
-9999 -9999 -9999 -9999 -9999 -9999 -9999 -9999 -9999 -9999 -9999 -9999 -9999 -9999 -9999 -9999 -9999 -9999 -9999 -9999 -9999 -9999 -9999 -9999 -9999 -9999 -9999 -9999 -9999 -9999 -9999 -9999 -9999 -9999 -9999 -9999 -9999 -9999 -9999 -9999 -9999 -9999 -9999 -9999 -9999 -9999 -9999 -9999 -9999 -9999 -9999 -9999 -9999 -9999 -9999 -9999 -9999 -9999 -9999 -9999 -9999 -9999 -9999 -9999 -9999 80 65 65 65 65 90 90 90 90 90 90 100 100 100 85 145 145 145
-9999 -9999 -9999 -9999 -9999 -9999 -9999 -9999 -9999 -9999 -9999 -9999 -9999 -9999 -9999 -9999 -9999 -9999 -9999 -9999 -9999 -9999 -9999 -9999 -9999 -9999 -9999 -9999 -9999 -9999 -9999 -9999 -9999 -9999 -9999 -9999 -9999 -9999 -9999 -9999 -9999 -9999 -9999 -9999 -9999 -9999 -9999 -9999 -9999 -9999 -9999 -9999 -9999 -9999 -9999 -9999 -9999 -9999 -9999 -9999 -9999 -9999 -9999 -9999 -9999 95 95 65 65 65 80 80 90 90 90 125 125 100 100 100 75 75 145
-9999 -9999 -9999 -9999 -9999 -9999 -9999 -9999 -9999 -9999 -9999 -9999 -9999 -9999 -9999 -9999 -9999 -9999 -9999 -9999 -9999 -9999 -9999 -9999 -9999 -9999 -9999 -9999 -9999 -9999 -9999 -9999 -9999 -9999 -9999 -9999 -9999 -9999 -9999 -9999 -9999 -9999 -9999 -9999 -9999 -9999 -9999 -9999 -9999 -9999 -9999 -9999 -9999 -9999 -9999 -9999 -9999 -9999 -9999 -9999 -9999 -9999 -9999 80 70 95 95 95 95 80 80 80 90 90 90 125 125 175 175 175 75 75 100
-9999 -9999 -9999 -9999 -9999 -9999 -9999 -9999 -9999 -9999 -9999 -9999 -9999 -9999 -9999 -9999 -9999 -9999 -9999 -9999 -9999 -9999 -9999 -9999 -9999 -9999 -9999 -9999 -9999 -9999 -9999 -9999 -9999 -9999 -9999 -9999 -9999 -9999 -9999 -9999 -9999 -9999 -9999 -9999 -9999 -9999 -9999 -9999 -9999 -9999 -9999 -9999 -9999 -9999 -9999 -9999 -9999 -9999 -9999 -9999 -9999 -9999 -9999 75 75 60 70 40 40 40 40 85 85 90 75 75 75 175 175 175 75 75 100
-9999 -9999 -9999 -9999 -9999 -9999 -9999 -9999 -9999 -9999 -9999 -9999 -9999 -9999 -9999 -9999 -9999 -9999 -9999 -9999 -9999 -9999 -9999 -9999 -9999 -9999 -9999 -9999 -9999 -9999 -9999 -9999 -9999 -9999 -9999 -9999 -9999 -9999 -9999 -9999 -9999 -9999 -9999 -9999 -9999 -9999 -9999 -9999 -9999 -9999 -9999 -9999 -9999 -9999 -9999 -9999 -9999 -9999 -9999 -9999 -9999 -9999 75 75 75 75 60 50 50 40 85 85 85 90 90 90 90 75 175 175 105 105 105
-9999 -9999 -9999 -9999 -9999 -9999 -9999 -9999 -9999 -9999 -9999 -9999 -9999 -9999 -9999 -9999 -9999 -9999 -9999 -9999 -9999 -9999 -9999 -9999 -9999 -9999 -9999 -9999 -9999 -9999 -9999 -9999 -9999 -9999 -9999 -9999 -9999 -9999 -9999 -9999 -9999 -9999 -9999 -9999 -9999 -9999 -9999 -9999 -9999 -9999 -9999 -9999 -9999 -9999 -9999 -9999 75 -9999 -9999 75 -9999 -9999 75 80 80 75 75 55 55 55 55 85 70 70 90 90 90 175 175 175 105 105 105
-9999 -9999 -9999 -9999 -9999 -9999 -9999 -9999 -9999 -9999 -9999 -9999 -9999 -9999 -9999 -9999 -9999 -9999 -9999 -9999 -9999 -9999 -9999 -9999 -9999 -9999 -9999 -9999 -9999 -9999 -9999 -9999 -9999 -9999 -9999 -9999 -9999 -9999 -9999 -9999 -9999 -9999 -9999 -9999 -9999 -9999 -9999 80 80 80 80 80 80 -9999 75 75 75 75 75 75 60 60 100 100 80 80 55 55 55 60 55 55 155 155 70 70 70 175 175 105 105 105 105
-9999 -9999 -9999 -9999 -9999 -9999 -9999 -9999 -9999 -9999 -9999 -9999 -9999 -9999 -9999 -9999 -9999 -9999 -9999 -9999 -9999 -9999 -9999 -9999 -9999 -9999 -9999 -9999 -9999 -9999 -9999 -9999 -9999 -9999 -9999 -9999 -9999 -9999 -9999 -9999 -9999 -9999 -9999 -9999 80 80 80 60 60 80 80 45 45 45 45 45 45 45 45 45 45 60 60 100 100 60 60 55 55 60 60 155 155 65 85 85 85 175 175 105 105 105 105
-9999 -9999 -9999 -9999 -9999 -9999 -9999 -9999 -9999 -9999 -9999 -9999 -9999 -9999 -9999 -9999 -9999 -9999 -9999 -9999 -9999 -9999 -9999 -9999 -9999 -9999 -9999 -9999 -9999 -9999 -9999 -9999 -9999 -9999 -9999 -9999 -9999 -9999 -9999 -9999 -9999 -9999 -9999 -9999 80 80 80 60 60 60 100 100 35 45 45 45 45 45 45 45 45 45 45 45 45 60 60 50 50 50 60 45 45 45 85 85 85 85 115 115 115 115 115
-9999 -9999 -9999 -9999 -9999 -9999 -9999 -9999 -9999 -9999 -9999 -9999 -9999 -9999 -9999 -9999 -9999 -9999 -9999 -9999 -9999 -9999 -9999 -9999 -9999 -9999 -9999 -9999 -9999 -9999 -9999 -9999 -9999 -9999 -9999 -9999 -9999 -9999 -9999 -9999 80 80 80 80 75 75 80 60 60 60 60 50 100 50 35 35 35 45 45 45 45 45 45 45 45 60 60 50 50 50 65 65 45 45 85 85 85 85 115 115 115 115 115
-9999 -9999 -9999 -9999 -9999 -9999 -9999 -9999 -9999 -9999 -9999 -9999 -9999 -9999 -9999 -9999 -9999 -9999 -9999 -9999 -9999 -9999 -9999 -9999 -9999 -9999 -9999 -9999 -9999 -9999 -9999 -9999 -9999 -9999 -9999 -9999 -9999 -9999 -9999 80 80 80 80 80 80 75 75 60 60 60 115 115 50 50 50 50 35 35 35 45 45 45 45 45 95 95 60 60 60 60 40 65 65 85 85 85 85 115 115 115 115 75 75
-9999 -9999 -9999 -9999 -9999 -9999 -9999 -9999 -9999 -9999 -9999 -9999 -9999 -9999 -9999 -9999 -9999 -9999 -9999 -9999 -9999 -9999 -9999 -9999 -9999 -9999 -9999 -9999 -9999 -9999 -9999 -9999 -9999 -9999 -9999 -9999 -9999 -9999 80 70 70 70 70 60 60 60 60 60 45 45 35 35 115 115 115 115 75 50 35 45 45 45 45 45 95 95 55 60 40 40 40 40 40 85 85 85 85 115 115 115 115 75 75
-9999 -9999 -9999 -9999 -9999 -9999 -9999 -9999 -9999 -9999 -9999 -9999 -9999 -9999 -9999 -9999 -9999 -9999 -9999 -9999 -9999 -9999 -9999 -9999 -9999 -9999 -9999 -9999 -9999 -9999 -9999 -9999 -9999 -9999 -9999 -9999 -9999 80 60 70 70 70 70 70 60 65 60 45 45 45 45 45 115 115 75 75 75 75 75 75 25 25 25 100 100 100 100 100 115 115 115 115 40 85 85 85 85 115 115 115 115 70 70
-9999 -9999 -9999 -9999 -9999 -9999 -9999 -9999 -9999 -9999 -9999 -9999 -9999 -9999 -9999 -9999 -9999 -9999 -9999 -9999 -9999 -9999 -9999 -9999 -9999 -9999 -9999 -9999 -9999 -9999 -9999 -9999 -9999 -9999 -9999 -9999 -9999 45 70 60 60 60 60 60 65 65 40 40 45 45 45 55 55 115 75 75 75 75 75 70 70 25 25 100 100 100 100 45 45 45 45 135 100 85 85 115 115 115 115 115 115 115 50
-9999 -9999 -9999 -9999 -9999 -9999 -9999 -9999 -9999 -9999 -9999 -9999 -9999 -9999 -9999 -9999 -9999 -9999 -9999 -9999 -9999 -9999 -9999 -9999 -9999 -9999 -9999 -9999 45 45 -9999 -9999 -9999 -9999 45 45 45 70 70 70 70 60 60 60 60 60 60 40 40 40 55 55 55 40 40 75 75 75 75 70 70 80 80 80 100 120 120 55 55 55 135 135 100 100 100 100 100 100 115 115 115 115 50
-9999 -9999 -9999 -9999 -9999 -9999 -9999 -9999 -9999 -9999 -9999 -9999 -9999 -9999 -9999 -9999 -9999 -9999 -9999 -9999 -9999 -9999 -9999 -9999 -9999 -9999 -9999 45 45 45 45 40 -9999 45 55 55 55 55 55 55 55 55 55 45 45 60 60 60 55 55 55 60 55 40 40 40 40 75 75 75 75 80 80 80 85 85 85 85 120 120 135 135 100 100 100 100 100 100 100 100 100 100 100
-9999 -9999 -9999 -9999 -9999 -9999 -9999 -9999 -9999 -9999 -9999 -9999 -9999 -9999 -9999 -9999 -9999 -9999 -9999 -9999 -9999 -9999 -9999 -9999 -9999 -9999 85 85 40 40 45 40 40 20 20 55 55 55 50 50 55 45 45 45 45 45 60 60 70 70 70 45 55 55 40 40 40 45 95 95 235 80 80 80 85 85 85 40 40 40 40 40 100 100 100 100 100 100 100 100 100 100 100
-9999 -9999 -9999 -9999 -9999 -9999 -9999 -9999 -9999 -9999 -9999 -9999 -9999 -9999 -9999 -9999 -9999 -9999 -9999 -9999 -9999 -9999 -9999 -9999 -9999 85 85 85 85 85 40 40 20 20 20 20 20 50 50 50 50 50 45 45 45 60 60 60 60 60 45 55 55 55 50 45 45 45 45 235 235 90 90 90 95 0 0 95 130 90 90 100 100 100 100 100 100 100 100 100 100 100 100
-9999 -9999 -9999 -9999 -9999 -9999 -9999 -9999 -9999 -9999 -9999 -9999 -9999 -9999 -9999 -9999 -9999 -9999 -9999 -9999 -9999 -9999 -9999 -9999 -9999 85 80 80 80 80 90 40 20 20 20 20 20 20 20 50 50 50 50 50 60 60 60 60 60 95 95 95 55 50 50 45 45 45 95 235 235 0 155 155 155 155 155 85 85 0 0 100 100 100 100 100 100 100 100 100 100 100 100
-9999 -9999 -9999 -9999 -9999 -9999 -9999 -9999 -9999 -9999 -9999 -9999 -9999 -9999 -9999 -9999 -9999 -9999 -9999 -9999 -9999 -9999 70 70 70 70 70 80 50 50 50 50 50 20 20 20 20 20 20 20 20 50 45 45 45 60 60 60 60 60 60 60 95 50 50 45 45 95 0 0 100 175 55 55 55 55 50 50 85 60 60 60 35 100 100 100 100 100 100 100 100 100 100
-9999 -9999 -9999 -9999 -9999 -9999 -9999 -9999 -9999 -9999 -9999 -9999 -9999 -9999 -9999 -9999 -9999 -9999 -9999 -9999 70 70 70 70 70 70 60 50 70 70 70 70 50 165 20 20 20 125 125 125 125 55 55 55 45 60 60 60 60 60 60 60 60 60 60 60 0 0 0 0 100 55 55 55 30 45 50 50 45 65 65 60 35 35 35 100 100 100 100 100 100 100 100
-9999 -9999 -9999 -9999 -9999 -9999 -9999 -9999 -9999 -9999 -9999 -9999 -9999 -9999 -9999 -9999 -9999 -9999 -9999 70 70 70 70 70 60 60 60 60 50 50 50 70 70 165 165 125 25 25 125 125 50 50 55 55 80 45 60 60 45 55 55 55 130 130 130 130 60 60 60 130 115 115 115 115 115 45 45 45 45 175 175 35 35 35 35 35 35 35 35 100 100 100 100
-9999 -9999 -9999 -9999 -9999 -9999 -9999 -9999 -9999 -9999 -9999 -9999 -9999 -9999 -9999 -9999 -9999 -9999 -9999 70 70 70 60 60 60 40 60 60 50 50 50 50 50 70 165 165 25 25 25 50 50 50 55 55 80 80 40 40 45 55 55 55 65 130 130 60 60 60 60 60 55 55 115 115 115 115 85 85 175 175 175 35 35 35 35 35 35 35 35 35 35 50 50
-9999 -9999 -9999 -9999 -9999 -9999 -9999 -9999 -9999 -9999 -9999 -9999 -9999 -9999 -9999 55 60 60 60 60 60 60 60 60 40 40 45 45 60 60 60 50 50 50 50 165 165 165 40 40 50 50 40 75 75 65 65 65 40 45 45 65 65 65 60 60 60 60 60 60 50 50 40 40 40 55 115 175 175 35 35 35 35 35 35 35 35 35 35 35 35 50 75
-9999 -9999 -9999 -9999 -9999 -9999 -9999 -9999 -9999 -9999 -9999 -9999 -9999 -9999 70 55 55 55 60 60 60 60 60 60 60 40 50 50 45 60 60 60 55 55 55 95 95 95 95 40 40 75 75 175 175 65 65 65 65 65 65 65 65 65 50 60 60 60 60 60 60 50 40 40 40 40 55 225 175 35 35 35 35 35 35 35 35 35 35 35 35 50 45
-9999 -9999 -9999 -9999 -9999 -9999 -9999 -9999 -9999 -9999 -9999 -9999 -9999 25 25 70 55 55 55 55 45 45 60 60 60 50 30 45 60 60 60 60 55 55 95 95 95 95 95 95 175 175 45 45 45 60 60 60 60 65 65 65 50 50 50 50 65 65 35 60 55 55 50 40 40 40 55 120 225 35 35 35 35 35 35 35 35 35 35 35 35 75 75
-9999 -9999 -9999 -9999 -9999 -9999 -9999 -9999 -9999 -9999 -9999 -9999 -9999 25 25 65 65 65 55 45 45 45 45 60 60 50 60 30 60 45 45 45 95 95 95 95 95 95 95 610 610 45 45 45 45 45 60 60 60 90 65 65 65 50 95 95 65 65 65 65 55 55 90 90 90 90 120 80 225 35 35 35 35 35 35 35 35 35 35 35 50 75 40
-9999 -9999 -9999 -9999 -9999 -9999 -9999 -9999 -9999 -9999 -9999 -9999 -9999 25 65 65 65 65 65 45 45 50 45 50 50 50 60 60 60 95 95 95 95 95 95 95 610 610 610 610 610 610 45 45 45 45 45 60 45 45 90 90 65 65 95 95 95 65 65 65 65 90 90 90 90 165 165 165 120 35 35 35 35 35 35 35 35 35 35 35 55 40 40
-9999 -9999 -9999 -9999 -9999 -9999 -9999 -9999 -9999 -9999 -9999 25 65 65 65 65 65 65 65 65 65 50 50 50 50 95 95 95 95 95 95 95 95 95 95 610 610 610 610 610 610 610 610 45 45 45 45 70 40 45 45 45 90 40 65 95 95 70 70 70 70 70 90 65 65 165 165 165 120 35 35 35 35 35 35 35 35 35 35 45 55 55 55
-9999 -9999 -9999 25 25 25 -9999 -9999 25 25 25 25 65 65 65 65 65 65 65 65 65 65 50 50 50 50 95 95 35 95 95 95 95 610 610 610 610 610 610 610 610 60 60 165 165 45 70 70 70 40 45 45 90 90 40 75 40 95 95 70 70 70 65 65 165 165 165 165 165 35 35 35 35 35 50 50 35 35 35 50 50 55 55
-9999 -9999 25 25 25 25 -9999 25 25 25 65 65 65 65 65 65 65 65 65 65 65 65 65 70 70 70 70 35 35 35 35 35 610 610 610 610 610 610 610 610 60 165 165 165 165 165 165 165 70 70 25 25 25 45 85 85 45 45 45 95 70 65 65 65 165 165 165 165 165 35 35 35 35 35 35 50 50 50 50 50 40 40 45
