Datasets/household2.asc
ncols         383
nrows         239
xllcorner     -73.976723696231
yllcorner     45.396293541168
cellsize      0.0013089085639051
NODATA_value  -9999
[rows 185 to 221 of 239, columns 249 to 331 of 383]
135 135 85 85 40 130 130 130 105 80 80 80 65 65 65 180 180 75 75 75 105 105 80 80 80 110 115 115 115 110 70 70 0 0 0 0 0 0 0 0 0 0 55 -9999 115 115 115 115 115 115 115 115 115 115 120 120 120 120 115 115 115 135 135 65 120 120 90 90 90 90 -9999 -9999 295 295 295 295 295 215 215 215 560 560 560
80 80 80 85 130 130 130 130 80 60 80 65 65 65 65 180 180 180 180 75 75 75 105 35 70 110 110 70 70 70 70 0 0 0 0 0 0 0 0 0 0 0 110 115 115 115 115 115 115 115 115 115 115 -9999 105 105 105 130 90 90 105 105 135 65 120 80 80 90 90 90 -9999 -9999 295 45 45 45 130 130 215 215 215 560 560
90 90 80 120 120 120 80 80 80 80 65 65 65 140 140 140 180 205 205 35 35 35 70 70 70 70 70 70 70 70 0 0 0 0 0 0 0 0 0 0 -9999 -9999 110 110 110 75 75 75 75 75 115 115 115 -9999 105 105 105 130 90 90 105 105 105 120 100 100 80 90 90 90 -9999 -9999 295 130 130 130 130 130 215 215 215 560 560
80 80 90 85 120 120 80 80 80 70 70 70 70 70 70 55 50 230 230 70 70 70 70 70 70 70 70 0 0 0 0 0 0 0 0 0 0 0 -9999 65 110 110 110 110 110 105 85 85 85 75 75 130 130 -9999 135 135 135 135 90 90 120 120 120 120 120 120 120 210 210 210 -9999 -9999 295 130 130 215 215 215 65 65 115 115 115
80 80 85 85 85 60 80 80 80 90 90 90 55 55 55 55 55 230 70 70 70 70 70 70 0 0 0 0 0 0 0 0 0 0 -9999 -9999 65 65 65 65 60 60 60 60 60 105 85 85 115 115 85 85 85 -9999 135 135 135 180 180 115 65 65 65 65 210 210 210 210 210 210 -9999 -9999 295 295 35 65 65 65 65 65 115 115 115
80 80 85 85 85 60 60 60 60 90 90 55 55 50 55 55 70 70 70 70 70 0 0 0 0 0 0 0 0 0 0 0 -9999 65 65 65 65 65 65 65 75 60 60 60 60 70 100 70 115 115 115 85 85 135 135 135 135 180 180 180 100 100 100 100 95 95 95 210 210 210 -9999 -9999 295 35 35 100 100 100 100 100 100 65 65
85 85 85 85 60 60 60 60 60 60 55 55 55 55 70 70 70 70 70 70 0 0 0 0 0 0 0 0 0 0 -9999 65 65 65 65 65 65 75 75 135 75 85 85 85 75 75 100 70 70 70 70 80 80 -9999 115 115 115 105 105 105 105 105 105 105 90 90 65 210 210 210 -9999 295 295 35 100 100 100 100 100 100 90 90 220
95 95 95 75 75 75 60 60 60 55 55 70 70 70 70 70 70 70 70 0 0 0 0 0 0 0 0 -9999 65 65 65 65 65 65 65 65 65 65 75 135 75 75 75 85 75 75 75 70 70 70 75 75 80 -9999 115 115 115 65 65 90 95 95 95 95 80 80 115 115 -9999 -9999 -9999 875 875 875 875 875 875 160 160 160 90 90 220
70 70 70 95 95 75 75 140 140 55 70 70 70 70 70 70 70 70 0 0 0 0 0 0 -9999 55 55 55 55 55 55 65 65 65 65 65 65 65 75 95 50 100 100 80 80 80 80 35 35 35 75 75 75 115 115 115 115 120 120 120 80 80 80 80 145 145 115 -9999 -9999 -9999 875 875 875 875 875 875 875 875 160 160 160 220 -9999
70 70 70 40 95 95 95 140 140 65 95 95 70 70 70 70 70 0 0 0 0 0 0 55 55 55 55 55 55 55 55 55 55 65 65 60 60 60 105 95 50 100 100 115 115 95 95 105 105 105 85 85 80 115 115 115 115 135 135 135 65 80 80 80 115 115 115 -9999 -9999 875 875 875 875 875 875 875 875 875 875 160 220 220 -9999
70 70 70 40 40 40 80 80 80 80 80 65 65 70 70 70 0 0 0 0 0 55 55 55 55 55 55 55 55 55 55 55 55 55 65 60 60 60 105 70 70 70 70 70 130 130 130 85 85 85 85 -9999 80 45 45 45 125 135 135 135 105 105 105 105 30 30 -9999 -9999 -9999 875 875 875 875 875 875 875 875 875 875 875 220 -9999 -9999
70 40 40 40 135 60 60 60 65 65 65 65 65 70 0 0 0 0 0 0 55 55 55 55 55 55 55 55 55 55 55 55 55 55 60 85 85 85 90 60 70 55 70 70 115 90 90 85 85 -9999 -9999 80 115 115 115 115 115 90 90 90 140 140 140 140 30 -9999 -9999 -9999 875 875 875 875 875 875 875 875 875 875 875 875 875 -9999 -9999
135 135 135 60 60 60 100 100 100 100 100 100 100 0 0 0 0 0 0 55 55 55 55 55 55 55 55 55 55 55 55 55 55 55 60 85 85 85 90 60 70 55 90 90 80 90 90 90 -9999 85 85 80 85 85 85 85 85 125 125 125 85 85 85 85 100 -9999 -9999 -9999 875 875 875 875 875 875 875 875 875 875 875 875 -9999 -9999 -9999
155 60 60 60 60 60 100 100 100 100 100 100 90 90 90 0 0 -9999 55 55 55 55 55 55 55 55 55 55 55 55 55 55 55 610 610 85 85 85 110 75 80 80 90 90 90 90 90 90 80 85 85 85 85 85 85 85 65 65 65 75 85 85 100 100 -9999 -9999 -9999 -9999 875 875 875 875 875 875 875 875 875 875 875 -9999 -9999 -9999 -9999
155 155 155 155 155 60 100 100 100 100 90 90 90 90 90 90 90 55 55 55 55 55 55 55 55 55 55 55 55 55 55 55 610 610 140 140 140 140 110 75 75 75 115 115 115 80 80 30 30 30 30 30 100 100 100 85 100 100 100 100 100 100 100 -9999 -9999 -9999 -9999 -9999 875 875 875 875 875 875 875 -9999 -9999 -9999 -9999 -9999 -9999 -9999 -9999
70 100 100 100 100 100 90 90 90 90 90 90 90 90 -9999 55 55 55 55 55 55 55 55 55 55 55 55 55 55 55 55 230 230 230 0 0 0 0 0 110 75 75 115 115 115 115 140 140 140 140 140 75 75 80 90 90 110 110 110 110 110 110 -9999 -9999 -9999 -9999 -9999 -9999 875 875 875 875 875 875 -9999 -9999 -9999 -9999 -9999 -9999 -9999 -9999 -9999
80 80 100 100 90 90 90 90 90 90 90 90 90 -9999 55 55 55 55 55 55 55 55 55 55 55 55 55 55 55 150 150 230 230 0 0 0 0 0 0 0 0 0 0 0 0 -9999 0 0 0 140 140 90 75 90 90 90 90 90 110 110 -9999 -9999 -9999 -9999 -9999 -9999 -9999 -9999 -9999 -9999 -9999 -9999 -9999 -9999 -9999 -9999 -9999 -9999 -9999 -9999 -9999 -9999 -9999
80 80 90 90 90 90 90 90 -9999 65 65 65 65 65 55 55 55 55 55 55 55 55 55 55 55 55 55 55 150 150 150 150 0 0 0 0 0 0 0 0 0 0 0 -9999 -9999 0 0 0 0 0 0 0 0 0 0 90 90 90 90 110 -9999 -9999 -9999 -9999 -9999 -9999 -9999 -9999 -9999 -9999 -9999 -9999 -9999 -9999 -9999 -9999 -9999 -9999 -9999 -9999 -9999 -9999 -9999
80 80 90 90 90 90 90 65 65 65 65 65 65 65 65 65 55 55 55 55 55 55 55 55 55 55 70 70 230 230 230 0 0 0 0 0 0 0 0 0 0 0 0 0 0 0 0 0 0 0 0 0 0 0 0 0 0 0 0 -9999 -9999 -9999 -9999 -9999 -9999 -9999 -9999 -9999 -9999 -9999 -9999 -9999 -9999 -9999 -9999 -9999 -9999 -9999 -9999 -9999 -9999 -9999 -9999
80 80 80 80 90 -9999 65 65 65 65 65 65 65 65 65 45 45 45 55 55 55 55 55 55 55 70 70 105 230 230 230 0 0 0 0 0 0 0 0 0 0 0 0 0 0 0 0 0 0 0 0 0 0 0 0 0 0 -9999 -9999 -9999 -9999 -9999 -9999 -9999 -9999 -9999 -9999 -9999 -9999 -9999 -9999 -9999 -9999 -9999 -9999 -9999 -9999 -9999 -9999 -9999 -9999 -9999 -9999
80 80 -9999 -9999 65 65 65 65 65 65 65 65 65 65 65 65 45 45 70 55 55 55 55 75 75 75 75 105 105 0 0 0 0 0 0 0 0 0 0 0 0 -9999 90 90 90 90 85 85 0 0 0 0 0 0 0 -9999 -9999 -9999 -9999 -9999 -9999 -9999 -9999 -9999 -9999 -9999 -9999 -9999 -9999 -9999 -9999 -9999 -9999 -9999 -9999 -9999 -9999 -9999 -9999 -9999 -9999 -9999 -9999
70 60 60 60 60 60 65 65 65 65 65 65 65 65 65 65 70 70 70 70 70 70 75 75 75 75 105 105 105 105 35 35 0 0 0 0 0 0 0 0 -9999 90 90 90 90 90 90 85 85 55 55 55 55 50 50 -9999 -9999 -9999 -9999 -9999 -9999 -9999 -9999 -9999 -9999 -9999 -9999 -9999 -9999 -9999 -9999 -9999 -9999 -9999 -9999 -9999 -9999 -9999 -9999 -9999 -9999 -9999 -9999
70 60 60 60 60 60 60 65 65 65 65 65 65 60 85 50 50 50 50 70 70 70 95 95 95 75 105 105 105 60 60 60 60 60 60 85 0 0 0 0 90 90 90 90 90 90 90 85 85 50 55 55 50 50 -9999 -9999 -9999 -9999 -9999 -9999 -9999 -9999 -9999 -9999 -9999 -9999 -9999 -9999 -9999 -9999 -9999 -9999 -9999 -9999 -9999 -9999 -9999 -9999 -9999 -9999 -9999 -9999 -9999
70 60 60 60 60 60 60 65 65 65 65 65 65 60 50 40 100 100 100 70 70 70 95 75 75 60 60 190 190 50 50 50 60 60 60 60 60 60 60 -9999 70 70 70 90 90 90 85 85 50 50 50 50 50 -9999 -9999 -9999 -9999 -9999 -9999 -9999 -9999 -9999 -9999 -9999 -9999 -9999 -9999 -9999 -9999 -9999 -9999 -9999 -9999 -9999 -9999 -9999 -9999 -9999 -9999 -9999 -9999 -9999 -9999
60 60 60 60 60 60 60 70 65 65 65 65 65 40 50 50 100 100 100 70 70 105 50 50 50 50 25 190 190 50 50 50 95 95 65 95 60 85 85 85 85 70 70 70 60 60 65 65 65 60 -9999 -9999 -9999 -9999 -9999 -9999 -9999 -9999 -9999 -9999 -9999 -9999 -9999 -9999 -9999 -9999 -9999 -9999 -9999 -9999 -9999 -9999 -9999 -9999 -9999 -9999 -9999 -9999 -9999 -9999 -9999 -9999 -9999
60 60 60 65 65 65 65 60 70 65 65 65 55 55 55 40 100 70 70 80 105 105 105 50 50 50 75 75 190 190 180 180 95 95 95 95 85 85 85 110 110 70 70 85 60 60 60 60 60 -9999 -9999 -9999 -9999 -9999 -9999 -9999 -9999 -9999 -9999 -9999 -9999 -9999 -9999 -9999 -9999 -9999 -9999 -9999 -9999 -9999 -9999 -9999 -9999 -9999 -9999 -9999 -9999 -9999 -9999 -9999 -9999 -9999 -9999
60 60 60 80 80 80 80 95 70 95 55 55 65 65 65 65 70 80 80 80 80 105 105 30 30 30 75 190 180 180 180 180 180 180 95 80 110 110 110 110 110 45 45 85 85 85 85 60 -9999 -9999 -9999 -9999 -9999 -9999 -9999 -9999 -9999 -9999 -9999 -9999 -9999 -9999 -9999 -9999 -9999 -9999 -9999 -9999 -9999 -9999 -9999 -9999 -9999 -9999 -9999 -9999 -9999 -9999 -9999 -9999 -9999 -9999 -9999
60 65 80 80 80 80 80 95 95 95 55 55 55 75 75 55 55 125 125 125 110 110 110 35 100 100 75 100 75 180 180 180 180 95 80 80 80 75 75 75 75 145 45 55 55 55 60 -9999 -9999 -9999 -9999 -9999 -9999 -9999 -9999 -9999 -9999 -9999 -9999 -9999 -9999 -9999 -9999 -9999 -9999 -9999 -9999 -9999 -9999 -9999 -9999 -9999 -9999 -9999 -9999 -9999 -9999 -9999 -9999 -9999 -9999 -9999 -9999
60 65 65 65 65 65 95 95 95 55 120 120 120 55 75 55 55 125 125 125 125 110 110 35 100 100 100 75 75 75 -9999 95 95 95 95 80 80 60 60 60 145 145 145 145 145 145 -9999 -9999 -9999 -9999 -9999 -9999 -9999 -9999 -9999 -9999 -9999 -9999 -9999 -9999 -9999 -9999 -9999 -9999 -9999 -9999 -9999 -9999 -9999 -9999 -9999 -9999 -9999 -9999 -9999 -9999 -9999 -9999 -9999 -9999 -9999 -9999 -9999
60 65 65 65 65 65 65 65 45 45 70 70 50 40 55 55 55 80 80 125 110 110 100 100 100 100 100 100 100 -9999 95 95 95 95 65 65 65 65 65 65 55 145 145 145 -9999 -9999 -9999 -9999 -9999 -9999 -9999 -9999 -9999 -9999 -9999 -9999 -9999 -9999 -9999 -9999 -9999 -9999 -9999 -9999 -9999 -9999 -9999 -9999 -9999 -9999 -9999 -9999 -9999 -9999 -9999 -9999 -9999 -9999 -9999 -9999 -9999 -9999 -9999
65 70 70 70 65 65 45 45 45 70 120 120 50 40 55 35 35 80 80 80 110 100 100 100 100 100 100 100 -9999 95 95 95 95 95 85 85 85 85 65 65 110 110 50 -9999 145 145 145 -9999 -9999 -9999 -9999 -9999 -9999 -9999 -9999 145 145 145 145 145 145 -9999 -9999 -9999 -9999 -9999 -9999 -9999 -9999 -9999 -9999 -9999 -9999 -9999 -9999 -9999 -9999 -9999 -9999 -9999 -9999 -9999 -9999
65 70 70 70 70 70 70 70 100 100 100 100 100 100 100 100 100 120 120 100 100 100 100 100 100 100 100 -9999 90 90 95 95 95 95 95 45 45 85 50 50 50 110 -9999 -9999 145 -9999 -9999 -9999 -9999 -9999 -9999 -9999 -9999 145 145 145 -9999 145 145 145 145 145 -9999 -9999 -9999 -9999 -9999 -9999 -9999 -9999 -9999 -9999 -9999 -9999 -9999 -9999 -9999 -9999 -9999 -9999 -9999 -9999 -9999
60 60 60 70 70 70 70 70 100 100 100 100 100 100 65 55 55 60 60 60 60 60 100 100 -9999 -9999 110 85 85 85 90 60 60 75 75 75 45 45 50 50 110 -9999 -9999 50 -9999 -9999 -9999 -9999 -9999 -9999 -9999 -9999 -9999 -9999 -9999 145 145 145 145 145 145 145 -9999 -9999 -9999 -9999 -9999 -9999 -9999 -9999 -9999 -9999 -9999 -9999 -9999 -9999 -9999 -9999 -9999 -9999 -9999 -9999 -9999
60 60 60 70 70 70 70 100 100 100 100 100 100 100 65 55 60 60 60 60 60 60 -9999 110 110 110 110 110 85 85 90 90 90 65 55 55 55 50 50 50 -9999 -9999 -9999 -9999 -9999 -9999 -9999 -9999 -9999 145 145 145 145 145 145 145 145 145 145 145 145 -9999 -9999 -9999 -9999 -9999 -9999 -9999 -9999 -9999 -9999 -9999 -9999 -9999 -9999 -9999 -9999 -9999 -9999 -9999 -9999 -9999 -9999
60 60 40 40 75 75 70 110 110 110 100 100 100 60 60 65 60 60 60 60 -9999 95 95 110 110 110 110 85 85 85 85 65 65 65 70 70 55 55 -9999 -9999 -9999 -9999 -9999 -9999 -9999 -9999 -9999 -9999 -9999 -9999 145 145 145 145 145 145 145 -9999 -9999 -9999 -9999 -9999 -9999 -9999 -9999 -9999 -9999 -9999 -9999 -9999 -9999 -9999 -9999 -9999 -9999 -9999 -9999 -9999 -9999 -9999 -9999 -9999 -9999
-9999 60 50 60 75 75 60 60 60 40 110 105 105 105 60 60 60 -9999 95 95 95 95 95 110 110 85 85 65 85 85 85 70 70 70 55 55 55 -9999 -9999 -9999 -9999 -9999 -9999 -9999 -9999 -9999 -9999 145 145 -9999 -9999 -9999 -9999 -9999 -9999 -9999 -9999 -9999 -9999 -9999 -9999 -9999 -9999 -9999 -9999 -9999 -9999 -9999 -9999 -9999 -9999 -9999 -9999 -9999 -9999 -9999 -9999 -9999 -9999 -9999 -9999 -9999 -9999
-9999 -9999 75 50 60 60 60 60 60 60 60 105 105 105 85 85 95 95 85 85 60 65 65 110 85 85 85 65 65 85 65 65 55 55 55 55 50 -9999 -9999 -9999 -9999 -9999 -9999 -9999 -9999 -9999 -9999 -9999 -9999 -9999 -9999 -9999 -9999 -9999 -9999 -9999 -9999 -9999 -9999 -9999 -9999 -9999 -9999 -9999 -9999 -9999 -9999 -9999 -9999 -9999 -9999 -9999 -9999 -9999 -9999 -9999 -9999 -9999 -9999 -9999 -9999 -9999 -9999
