Datasets/household1.asc
ncols         383
nrows         239
xllcorner     -73.976723696231
yllcorner     45.396293541168
cellsize      0.0013089085639051
NODATA_value  -9999
[rows 72 to 107 of 239, columns 246 to 327 of 383]
-9999 -9999 -9999 -9999 -9999 -9999 -9999 -9999 -9999 -9999 -9999 -9999 -9999 -9999 45 45 55 55 60 55 60 60 60 60 70 70 45 85 85 40 40 55 55 85 85 85 85 85 85 60 60 60 60 185 185 185 185 185 185 185 185 105 105 105 105 105 105 105 105 105 105 105 105 105 105 105 105 105 105 105 105 105 105 105 70 70 30 60 80 80 80 150
-9999 -9999 -9999 -9999 -9999 -9999 -9999 -9999 -9999 -9999 -9999 -9999 -9999 45 45 45 55 55 60 60 60 60 60 60 60 40 45 45 45 40 55 55 40 215 85 85 85 85 85 85 185 185 185 185 185 185 185 185 185 185 185 185 185 105 105 105 105 105 105 105 105 105 105 105 105 105 105 105 105 105 105 105 105 55 70 70 70 60 60 80 150 50
-9999 -9999 -9999 -9999 -9999 -9999 -9999 -9999 -9999 -9999 -9999 -9999 85 85 80 80 55 55 25 60 25 25 25 45 45 40 45 45 45 50 50 40 40 40 60 60 85 85 55 55 185 185 185 185 185 185 185 185 185 185 185 185 185 185 105 105 105 105 105 105 105 105 105 105 105 105 105 105 105 105 105 105 55 55 60 60 60 105 50 60 60 60
-9999 -9999 -9999 -9999 -9999 -9999 -9999 -9999 -9999 -9999 -9999 -9999 85 85 85 85 80 30 25 25 25 25 25 25 80 55 45 45 45 45 45 55 40 215 215 215 85 80 55 80 185 185 185 185 185 185 185 185 185 185 185 185 185 185 105 105 105 105 105 105 105 105 105 105 105 105 105 105 105 105 105 15 15 50 60 60 60 105 105 130 60 75
-9999 -9999 -9999 -9999 -9999 -9999 -9999 -9999 -9999 -9999 -9999 85 85 85 85 85 85 85 30 25 60 25 25 60 25 80 80 45 180 180 180 55 55 55 55 55 80 80 80 80 80 80 80 80 185 185 185 185 185 185 185 185 185 185 105 105 105 105 105 105 105 105 105 105 105 105 105 105 105 105 105 15 15 50 50 50 50 30 105 130 130 75
-9999 -9999 -9999 -9999 -9999 -9999 -9999 -9999 -9999 -9999 -9999 85 100 100 85 85 85 70 70 30 30 60 60 60 25 25 80 80 55 55 55 55 55 55 80 80 80 80 80 80 80 80 80 80 80 80 185 185 185 185 185 185 185 240 240 15 15 15 20 105 105 105 105 105 105 105 105 105 105 105 15 15 15 50 50 100 100 100 55 55 130 130
-9999 -9999 -9999 -9999 -9999 -9999 -9999 -9999 -9999 -9999 -9999 240 100 100 85 70 70 70 70 30 30 30 30 30 275 275 140 55 55 55 55 55 55 80 80 80 80 80 80 80 80 80 80 80 80 80 145 145 185 185 185 185 155 240 240 240 240 80 80 20 105 105 105 105 115 105 105 105 15 15 80 80 80 50 50 100 100 100 55 55 55 55
-9999 -9999 -9999 -9999 -9999 -9999 -9999 -9999 -9999 -9999 55 240 230 230 80 80 80 65 65 65 65 30 30 30 140 140 140 55 55 55 55 55 55 80 80 80 80 80 80 80 80 80 80 80 145 145 145 145 145 145 185 155 155 155 155 240 240 80 80 105 105 105 115 115 115 115 105 105 15 15 15 80 85 290 290 290 290 290 80 180 180 15
-9999 -9999 -9999 -9999 -9999 -9999 -9999 -9999 -9999 -9999 55 55 230 230 80 80 80 80 65 75 55 55 60 60 60 80 80 60 60 60 155 55 80 80 80 80 80 80 80 80 80 80 145 145 145 145 145 145 145 145 145 145 155 155 155 65 65 65 65 80 80 160 160 160 115 115 115 385 385 385 15 15 85 290 40 40 40 290 40 40 15 15
-9999 -9999 -9999 -9999 -9999 -9999 -9999 -9999 240 240 55 230 230 75 75 80 80 50 50 75 55 55 110 110 60 60 60 60 60 60 60 80 80 80 80 80 80 80 80 80 75 75 75 75 145 145 145 145 145 145 145 145 145 110 155 145 145 145 65 80 80 160 160 160 115 115 385 385 385 385 385 385 15 40 40 40 40 40 40 40 15 15
-9999 -9999 -9999 -9999 -9999 -9999 -9999 -9999 240 240 240 100 230 75 105 105 105 50 50 75 110 110 110 110 60 150 60 60 60 60 60 80 80 80 100 80 80 80 85 60 80 80 40 40 60 145 145 80 80 80 80 110 110 110 110 110 110 110 145 180 175 175 175 160 115 115 385 385 385 385 385 385 385 15 40 40 40 40 40 20 20 20
-9999 -9999 -9999 -9999 -9999 -9999 -9999 -9999 60 60 100 100 230 105 105 65 65 50 50 55 55 110 150 150 150 150 60 60 60 95 95 95 80 100 100 100 100 85 60 25 25 80 70 70 60 60 80 80 80 80 80 110 110 110 110 110 110 110 110 110 115 115 175 175 385 385 385 385 385 385 385 385 385 385 385 385 385 40 40 20 20 20
-9999 -9999 -9999 -9999 -9999 -9999 -9999 240 60 60 60 135 90 90 105 105 105 70 70 55 75 75 75 75 60 60 60 60 60 95 95 95 95 100 100 100 85 85 60 60 25 40 70 70 70 80 60 80 80 110 110 110 110 110 110 110 110 110 110 110 110 175 175 175 385 385 385 385 385 385 385 385 385 360 360 385 385 385 385 20 20 20
-9999 -9999 -9999 -9999 -9999 -9999 -9999 55 60 60 60 135 90 90 90 90 70 70 70 60 75 75 45 45 45 60 60 15 15 95 95 95 95 95 95 100 65 65 85 85 60 40 80 80 80 80 80 80 105 70 70 110 110 110 110 110 110 110 110 110 110 110 50 50 385 385 385 385 385 385 385 385 385 360 360 385 140 140 385 385 95 20
-9999 -9999 -9999 -9999 -9999 -9999 515 55 55 135 135 135 135 90 90 90 70 70 60 60 75 35 45 45 45 45 60 15 15 15 15 25 95 95 95 25 100 100 30 30 30 30 30 30 30 75 55 105 70 70 70 80 80 110 110 110 110 110 110 110 110 50 50 50 50 70 70 385 385 605 605 605 605 360 360 360 145 145 385 385 65 65
-9999 -9999 -9999 -9999 -9999 515 90 55 55 80 80 70 70 70 90 70 70 70 70 75 75 35 45 45 45 45 15 15 15 15 15 25 25 25 95 25 25 25 25 30 30 30 30 30 30 75 55 55 55 95 95 95 110 110 310 310 310 310 110 50 50 50 50 50 50 50 70 70 110 110 110 605 605 105 105 140 145 145 145 145 65 95
-9999 -9999 -9999 515 515 120 90 90 90 80 80 80 105 105 105 70 70 70 50 50 75 75 45 45 45 45 15 15 15 15 15 85 25 25 25 25 25 25 25 25 30 30 30 75 75 25 75 55 95 95 95 95 55 55 310 310 310 310 55 50 50 50 50 50 50 50 70 70 55 55 155 155 155 125 65 110 110 110 55 45 45 95
-9999 -9999 -9999 515 515 120 120 145 90 90 90 85 85 105 95 95 125 125 125 75 75 75 75 75 75 35 35 15 15 80 85 85 85 25 25 25 25 25 25 25 25 20 75 75 75 25 25 55 95 95 95 95 95 310 310 310 310 310 55 55 55 50 50 50 50 50 70 125 125 55 125 125 155 125 65 65 65 65 110 110 110 45
-9999 -9999 515 70 70 120 145 145 145 90 85 85 85 85 95 95 60 60 60 60 75 75 75 35 35 35 35 35 80 80 80 80 50 85 90 85 90 90 90 25 25 25 20 20 20 25 25 25 95 95 95 95 95 310 310 310 55 55 55 55 85 85 85 50 50 50 50 125 125 125 125 125 125 65 65 65 65 65 65 215 110 170
-9999 -9999 515 70 70 70 115 145 80 65 85 85 85 80 110 110 110 110 60 75 75 75 35 35 35 35 35 35 35 35 80 80 50 50 90 90 90 25 25 25 40 40 25 20 20 20 25 25 25 70 70 70 105 105 310 55 55 55 55 55 85 110 85 85 85 50 50 100 125 125 125 125 125 65 65 65 65 215 215 215 215 215
-9999 160 110 70 70 225 115 115 80 80 65 65 70 80 80 110 110 50 50 50 75 75 35 35 35 35 35 35 35 35 95 95 50 90 90 90 90 70 70 40 40 40 45 20 20 60 60 25 25 70 70 70 105 105 125 55 40 40 40 65 65 110 105 105 105 105 50 60 50 100 95 100 65 65 65 65 65 215 215 215 215 215
-9999 160 120 110 110 95 225 225 75 80 80 80 70 70 70 125 60 110 50 50 75 35 35 35 35 35 35 35 35 35 75 75 75 75 90 90 90 70 70 70 45 45 45 85 60 60 60 60 60 25 70 70 105 105 125 125 75 140 140 65 65 65 105 105 105 105 50 50 50 95 95 95 80 80 85 50 70 70 70 215 215 215
-9999 305 120 95 95 95 225 75 75 75 75 75 70 70 70 60 60 60 60 110 35 90 90 35 100 100 25 25 35 45 50 50 50 45 45 90 90 60 60 60 60 85 85 85 85 85 60 60 60 60 105 105 105 125 125 125 75 140 140 45 75 105 105 105 95 95 95 50 50 155 85 85 85 85 85 50 70 70 70 70 70 110
-9999 100 100 95 95 95 70 70 75 75 75 75 75 70 90 60 60 60 60 75 90 90 90 75 100 100 100 100 60 35 45 45 50 45 45 70 70 90 90 85 85 85 70 70 55 55 50 60 60 60 60 60 280 125 80 80 140 45 45 45 35 75 75 280 280 280 95 75 155 155 110 110 110 75 50 70 70 70 70 55 55 55
145 160 100 145 145 145 70 70 95 75 75 75 75 90 90 60 60 60 60 60 90 90 65 75 75 75 100 100 60 60 60 65 65 35 35 35 90 90 90 90 85 60 70 70 55 55 90 90 55 55 280 280 280 280 280 60 70 70 70 75 75 35 35 280 95 95 75 75 155 80 110 110 110 75 75 70 70 70 70 55 55 110
145 145 120 120 145 145 105 105 95 95 75 80 80 80 90 60 60 60 60 100 100 100 85 85 65 65 60 55 60 60 65 65 65 35 35 35 40 45 45 90 50 60 60 55 55 55 90 90 55 95 55 95 95 60 60 60 70 70 70 70 75 70 70 55 305 305 305 155 155 80 80 105 105 105 105 70 70 70 110 110 55 110
90 90 120 120 120 120 150 105 105 150 60 60 60 60 60 60 100 100 100 100 100 100 100 120 65 65 100 60 80 80 40 40 40 45 45 35 40 45 50 50 50 50 35 35 35 35 90 55 55 55 55 60 60 60 60 60 65 65 75 75 75 70 70 70 75 75 305 305 70 80 80 80 80 105 105 105 75 110 110 110 110 90
90 185 185 185 150 150 150 150 85 150 150 60 60 85 60 60 100 100 100 100 100 100 120 120 120 120 120 120 60 55 55 55 55 20 60 35 70 40 50 50 50 50 35 35 35 35 130 55 95 95 95 55 55 50 60 60 80 65 80 80 70 135 135 70 75 75 75 75 70 70 70 70 70 95 95 95 75 95 95 95 110 60
145 115 115 185 185 185 150 140 85 85 85 85 85 85 85 100 100 100 100 100 100 100 120 120 120 120 120 120 120 100 55 75 75 20 20 70 70 70 50 50 70 85 85 130 130 130 130 115 75 75 225 50 50 50 225 65 65 80 150 150 170 170 170 135 75 75 75 90 90 70 70 70 70 290 95 95 95 95 95 95 175 175
115 115 115 125 125 125 185 140 140 140 85 85 85 85 60 100 100 45 65 65 65 120 120 120 120 120 120 120 100 100 100 75 75 75 20 55 30 70 70 70 70 85 85 130 130 110 110 115 115 115 75 225 225 225 195 75 75 75 140 140 140 140 180 150 150 75 75 115 115 70 70 290 290 290 290 95 105 95 95 95 175 175
165 165 135 135 70 70 70 70 140 140 140 65 50 50 55 100 100 15 15 15 120 120 120 120 120 120 120 120 100 100 100 100 100 100 75 55 55 55 55 55 130 130 130 130 130 110 110 110 110 110 115 225 225 225 195 195 195 140 140 140 140 140 180 180 180 160 160 220 220 180 290 290 290 290 290 290 290 290 135 135 135 135
200 200 135 135 85 85 85 125 140 140 65 65 65 165 55 55 55 55 55 55 110 110 120 120 120 100 120 100 100 100 100 100 100 100 100 100 95 95 55 55 55 55 130 130 110 110 110 110 110 110 50 115 270 270 270 195 145 140 140 140 140 180 180 180 160 160 160 160 180 180 295 295 290 290 290 290 290 290 290 290 290 125
200 100 135 85 85 85 85 145 125 125 125 165 165 165 165 55 55 55 105 105 105 55 55 55 120 100 100 100 100 100 100 100 100 100 100 100 100 100 100 100 65 130 130 130 110 110 110 110 110 50 110 110 270 270 270 270 145 145 145 140 140 125 125 180 170 170 170 170 180 180 295 295 290 290 440 290 290 290 290 290 290 415
125 100 100 85 85 180 180 180 145 145 125 165 165 165 55 55 55 40 40 40 105 95 55 55 40 100 100 100 100 100 100 100 100 100 100 100 100 100 100 65 65 65 65 65 110 80 80 80 45 80 80 130 270 270 270 140 140 140 145 155 155 155 125 200 200 200 200 180 180 295 295 295 290 290 440 440 440 440 290 415 415 415
100 100 130 130 85 180 180 180 145 145 145 145 145 145 80 55 25 40 40 40 60 95 95 70 40 65 65 30 45 100 100 100 100 100 100 100 100 100 95 95 95 95 100 65 105 105 105 80 80 80 130 130 130 130 140 140 140 20 20 90 90 20 175 175 140 140 140 140 295 295 295 295 440 440 440 440 440 440 440 415 415 415
140 120 120 120 115 115 115 180 180 70 70 70 80 80 80 80 80 30 25 40 40 60 70 70 70 45 45 110 65 100 100 100 100 100 100 100 100 100 160 95 95 100 100 100 105 105 170 170 80 80 130 130 130 130 155 155 155 95 90 90 90 175 175 175 175 175 0 0 0 0 295 295 295 295 295 295 295 295 415 415 415 415
