Datasets/monrent.asc
ncols         383
nrows         239
xllcorner     -73.976723696231
yllcorner     45.396293541168
cellsize      0.0013089085639051
NODATA_value  -9999
[rows 180 to 215 of 239, columns 162 to 242 of 383]
1400 1400 1400 1400 1400 1400 1400 1400 1400 1400 1400 1400 1400 1400 1400 1400 1400 1400 1400 1400 1400 1400 900 900 900 900 900 900 900 900 900 900 900 900 900 900 900 900 900 900 900 900 705 705 1400 1400 1400 1400 1400 1400 1400 1400 1400 1400 1400 1400 1400 1400 1400 1400 1400 1400 1400 1400 2400 2400 2400 2400 2400 2400 2400 2400 1200 1200 1210 1210 1210 1560 1560 1160 1160
1400 1400 1400 1400 1400 1400 1400 1400 1400 1400 1400 1400 1400 1400 1400 1400 1400 1400 1400 1400 1400 1400 900 900 900 900 900 900 900 900 900 900 900 900 900 900 900 900 900 900 900 900 705 705 705 1400 1400 1400 1400 1400 1400 1400 1400 1400 1400 1400 1400 1400 1400 1400 1400 1400 1400 1400 2400 2400 2400 2400 2400 2400 2400 2400 790 790 790 790 1560 1560 1560 1800 1800
980 1400 1400 1400 1400 1400 1400 1400 1400 1400 1400 1400 1400 1400 1400 1400 1400 1400 1400 1400 1400 900 900 900 900 900 900 900 900 900 900 900 900 900 900 900 900 900 900 900 900 705 705 705 705 705 705 1400 1400 1400 1400 1400 1400 1400 1400 705 1400 1400 1400 1400 1400 1400 1400 1400 2400 2400 2400 2400 2400 2400 2400 790 790 790 790 790 1560 1560 1200 1800 1800
980 980 1400 1400 1400 1400 1400 1400 1400 1400 1400 1400 1400 1400 1400 1400 1400 1400 900 900 900 900 900 900 900 900 900 900 900 900 900 900 900 900 900 900 900 900 900 705 705 705 705 705 705 705 705 705 1400 1400 1400 1400 1400 1400 1400 705 705 1400 1400 1400 1400 1400 1400 1400 2400 2400 2400 2400 2400 2400 2400 790 1620 1620 1620 1560 1560 1560 1200 1200 1200
980 980 980 1400 1400 1400 1400 1400 1400 1400 1400 1400 1400 1400 1400 1400 1400 900 900 900 900 900 900 900 900 900 900 900 900 900 900 900 900 900 900 900 900 705 705 705 705 705 705 705 705 705 705 705 705 705 1400 1400 1400 1400 1400 705 705 705 1400 1400 1400 1400 1400 2400 2400 2400 2400 2400 2400 2400 2400 1620 1620 1620 1620 1520 1520 1200 1200 1200 1200
980 980 980 980 1400 1400 1400 1400 1400 1400 1400 1400 1400 1400 1400 1400 900 900 900 900 900 900 900 900 900 900 900 900 900 900 900 900 900 900 900 900 705 705 705 705 705 705 705 705 705 705 705 705 705 705 705 705 1400 1400 1400 705 705 705 705 705 705 1400 1400 2400 2400 2400 2400 2400 2400 2400 2400 1400 1620 1520 1520 1520 1520 0 0 1200 1200
980 980 980 900 900 900 900 1400 1400 1400 1400 1400 1400 1400 1400 900 900 900 900 900 900 900 900 900 900 900 900 900 900 900 900 900 900 900 900 705 705 705 705 705 705 705 705 705 705 705 705 705 705 705 705 705 705 1400 1400 705 705 705 705 705 705 705 2400 2400 2400 2400 2400 2400 2400 2400 0 1400 1560 1560 1560 1560 0 0 0 0 1200
980 980 980 900 900 900 900 900 900 1400 1400 1400 1400 1400 900 900 900 900 900 900 900 900 900 900 900 900 900 900 900 900 900 900 900 900 705 705 705 705 705 705 705 705 705 705 705 705 705 705 705 705 705 705 705 705 705 705 705 705 705 705 705 705 2400 2400 2400 2400 2400 2400 2400 0 0 0 1200 1560 1560 0 0 0 0 1200 1080
980 980 900 900 900 900 900 900 900 900 1400 1400 900 900 900 900 900 900 900 900 900 900 900 900 900 900 900 900 900 900 900 705 705 705 705 705 705 705 705 705 705 705 705 705 705 705 705 705 705 705 705 705 705 705 705 705 705 705 705 705 705 705 2400 2400 2400 2400 2400 2400 2400 0 0 1200 1200 1200 1200 0 0 0 1200 1080 1080
980 900 900 900 900 900 900 900 900 900 900 900 900 900 900 900 900 900 900 900 900 900 900 900 900 900 900 900 900 900 705 705 705 705 705 705 705 705 705 705 705 705 705 705 705 705 705 705 705 705 705 705 705 705 705 705 705 705 705 705 2400 2400 2400 2400 2400 2400 2400 0 0 0 0 1200 1200 0 0 0 0 1200 1092 1080 1050
900 900 900 900 900 900 900 900 900 900 900 900 900 900 900 900 900 900 900 900 900 900 900 900 900 900 900 900 900 900 900 705 705 705 705 705 705 705 705 705 705 705 705 705 705 705 705 705 705 705 705 705 705 705 705 705 705 705 705 705 0 0 0 0 0 2400 0 0 0 0 1200 1200 1200 0 0 0 0 980 980 1010 1050
980 900 900 900 900 900 900 900 900 900 900 900 900 900 900 900 900 900 900 900 900 900 900 900 900 900 900 900 900 900 900 705 705 705 705 705 705 705 705 705 705 705 705 705 705 705 705 705 705 705 705 705 705 705 705 705 705 705 705 705 0 0 0 0 0 0 0 0 0 0 0 0 0 0 1000 1000 0 0 1000 1000 1220
980 900 900 900 900 900 900 900 900 900 900 900 900 900 900 900 900 900 900 900 900 900 900 900 900 900 900 900 900 900 900 705 705 705 705 705 705 705 705 705 705 705 705 705 705 705 705 705 705 705 705 705 705 705 705 705 705 705 705 705 0 0 0 0 0 0 0 0 0 0 0 790 790 1000 1700 1700 1000 0 0 1220 1220
980 900 900 900 900 900 900 900 900 900 900 900 900 900 900 900 900 900 900 900 900 900 900 900 900 900 900 900 900 900 900 900 705 705 705 705 705 705 705 705 705 705 705 705 705 705 705 705 705 705 705 705 705 705 705 705 705 705 705 705 0 0 0 0 0 0 0 0 0 0 0 790 790 920 920 920 1700 1700 0 1000 1000
900 900 900 900 900 900 900 900 900 900 900 900 900 900 900 900 900 900 900 900 900 900 900 900 900 900 900 900 900 900 900 900 705 705 705 705 705 705 705 705 705 705 705 705 705 705 705 705 705 705 705 705 705 705 705 705 705 705 705 705 0 0 0 0 0 0 0 0 0 0 0 0 920 920 920 920 920 1000 1700 1700 1700
900 900 900 900 900 900 900 900 900 900 900 900 900 900 900 900 900 900 900 900 900 900 900 900 900 900 900 900 900 900 900 900 705 705 705 705 705 705 705 705 705 705 705 705 705 705 705 705 705 705 705 705 705 705 705 705 705 705 705 705 705 705 705 705 705 0 0 0 0 1000 1000 920 920 920 920 920 920 920 920 1000 1700
900 900 900 900 900 900 900 900 900 900 900 900 900 900 900 900 900 900 900 900 900 900 900 900 900 900 900 900 900 900 900 900 705 705 705 705 705 705 705 705 705 705 705 705 705 705 705 705 705 705 705 705 705 705 705 705 705 705 705 705 705 705 705 705 705 705 705 705 705 705 705 705 880 880 920 920 920 920 920 920 920
900 900 900 900 900 900 900 900 900 900 900 900 900 900 900 900 900 900 900 900 900 900 900 900 900 900 900 900 900 900 900 900 900 705 705 705 705 705 705 705 705 705 705 705 705 705 705 705 705 705 705 705 705 705 705 705 705 705 705 705 705 705 705 705 705 705 705 705 705 705 705 705 880 880 880 880 920 920 920 920 920
860 860 860 860 860 860 860 860 860 860 860 860 860 860 860 860 900 900 900 900 900 900 900 1000 1000 900 900 900 900 900 900 900 900 705 705 705 705 705 705 705 705 705 705 705 705 705 0 0 705 705 705 705 705 705 705 705 705 705 705 705 705 705 705 705 705 705 705 705 705 705 705 705 880 880 880 920 920 920 920 920 920
1000 1000 1000 1530 1530 1530 1240 1240 1240 1240 1240 860 860 860 860 860 860 860 1000 1000 1000 1000 1000 1000 1000 1000 1000 1000 1000 1000 1000 800 1180 0 0 0 0 0 0 0 0 0 0 0 0 0 0 0 1280 1280 1280 1280 1280 1280 860 860 860 860 860 860 705 705 705 705 705 705 705 705 705 705 705 705 880 880 880 880 880 920 920 920 920
800 800 1000 1000 0 0 0 1240 1240 1240 1240 860 860 860 860 860 860 860 1000 1070 1070 1070 1070 1070 1070 1000 1000 1000 1000 1000 1000 800 1000 1180 0 0 0 0 0 0 0 0 0 0 0 0 0 0 0 0 0 1280 1280 1280 860 0 0 0 0 860 705 705 705 392 392 392 705 750 750 750 730 730 780 950 880 880 880 880 880 920 920
1600 1600 1000 2000 2000 0 1240 1240 1240 1240 1240 860 0 860 860 860 860 860 1070 1070 1070 1070 1070 1070 1070 1500 1500 1500 1500 1000 1000 780 1000 1180 0 0 0 0 0 0 0 0 0 0 0 0 0 0 0 0 0 1280 1280 1280 860 860 860 860 860 860 816 816 816 816 816 790 790 750 750 750 730 730 780 950 950 880 880 880 880 880 880
1600 1600 1000 2000 2000 2000 2000 2000 2000 2000 1300 1300 1300 0 860 860 860 860 840 840 840 840 840 880 880 880 1500 1500 1500 1500 1500 1500 1500 850 850 850 850 0 0 0 0 900 900 900 900 0 0 0 0 0 0 1280 1280 1280 870 870 870 960 960 830 816 816 816 816 816 790 790 860 860 860 790 790 880 950 950 950 950 880 880 880 880
1600 1600 1600 1000 2000 2000 2000 2000 2000 2000 1300 1300 1300 0 0 0 0 0 0 840 840 840 840 880 880 840 840 840 1500 1500 1500 1500 1500 1500 850 850 0 0 0 0 0 900 900 900 900 0 0 0 0 0 0 1280 1280 1280 1280 870 870 775 775 830 816 816 816 816 816 790 790 860 860 790 790 790 880 950 950 950 950 880 880 880 880
1600 1600 1600 2000 2000 2000 2000 2000 2000 2000 2000 1300 1300 0 0 0 0 0 0 840 840 840 840 880 880 880 840 840 1500 1500 1500 1500 1500 1500 850 850 850 0 0 1100 1160 1160 1160 1160 770 900 0 0 0 0 940 840 840 840 840 792 792 792 900 900 830 830 830 830 830 830 860 860 860 775 775 775 880 920 920 880 880 880 880 880 880
-9999 0 0 1200 2000 2000 2000 2000 2000 2000 2000 1300 1300 1300 980 980 980 0 980 910 910 910 910 880 880 950 950 840 840 840 840 950 1500 1500 850 850 850 0 1100 1100 1160 1160 1160 1160 770 770 960 900 0 0 940 840 840 840 840 792 792 792 792 900 830 830 1080 1080 1080 1080 860 860 860 860 860 860 940 940 890 890 890 890 880 880 950
-9999 -9999 -9999 -9999 -9999 1200 1200 1200 1200 1200 1200 1200 1200 1200 1200 1200 1200 1200 1200 950 950 950 950 950 950 950 950 840 840 840 950 950 950 1500 850 850 850 0 1100 1100 1160 1160 1160 1160 770 770 960 960 900 900 900 830 840 840 768 792 792 792 792 792 960 960 1080 1080 1080 1080 860 860 860 860 860 860 940 940 890 890 950 950 950 950 950
-9999 -9999 -9999 -9999 -9999 -9999 1200 1200 -9999 -9999 -9999 1200 1200 1200 -9999 -9999 -9999 -9999 -9999 -9999 -9999 -9999 -9999 -9999 -9999 950 950 950 -9999 -9999 -9999 -9999 -9999 -9999 -9999 -9999 -9999 -9999 -9999 1100 1100 1160 1160 1160 770 770 960 960 900 900 900 830 1040 1040 768 792 792 792 792 792 840 840 1080 1080 1080 940 860 860 860 860 860 860 950 950 950 950 950 950 950 950 950
-9999 -9999 -9999 -9999 -9999 -9999 -9999 -9999 -9999 -9999 -9999 -9999 1200 -9999 -9999 -9999 -9999 -9999 -9999 -9999 -9999 -9999 -9999 -9999 -9999 -9999 -9999 -9999 -9999 -9999 -9999 -9999 -9999 -9999 -9999 -9999 -9999 -9999 -9999 -9999 -9999 -9999 -9999 -9999 860 860 860 860 860 830 830 830 1040 1040 1020 1020 1020 792 792 792 840 840 1080 1080 1080 940 860 860 840 960 960 950 950 950 950 950 950 950 950 950 950
-9999 -9999 -9999 -9999 -9999 -9999 -9999 -9999 1200 1200 -9999 -9999 -9999 -9999 -9999 -9999 -9999 -9999 -9999 -9999 -9999 -9999 -9999 -9999 -9999 -9999 -9999 -9999 -9999 -9999 -9999 -9999 -9999 -9999 -9999 -9999 -9999 -9999 -9999 -9999 -9999 -9999 -9999 -9999 -9999 -9999 -9999 -9999 -9999 860 860 830 1020 1040 1020 1020 1010 1010 1010 1010 1010 1010 1010 1010 1010 1010 1010 680 840 900 900 910 950 950 950 950 950 950 950 950 950
-9999 -9999 -9999 -9999 -9999 -9999 -9999 -9999 -9999 -9999 -9999 -9999 -9999 -9999 -9999 -9999 -9999 -9999 -9999 -9999 -9999 -9999 -9999 -9999 -9999 -9999 -9999 -9999 -9999 -9999 -9999 -9999 -9999 -9999 -9999 -9999 -9999 -9999 -9999 -9999 -9999 -9999 -9999 -9999 -9999 -9999 -9999 -9999 -9999 -9999 -9999 -9999 -9999 1020 1020 860 1010 1010 1010 1010 1010 1010 1010 1010 1010 1010 1010 680 680 900 900 910 910 950 950 950 950 950 -9999 1060 1060
-9999 -9999 -9999 -9999 -9999 -9999 -9999 -9999 -9999 -9999 -9999 -9999 -9999 -9999 0 0 0 0 0 0 -9999 -9999 -9999 -9999 -9999 -9999 -9999 -9999 -9999 -9999 -9999 -9999 -9999 -9999 -9999 -9999 -9999 -9999 -9999 -9999 -9999 -9999 -9999 -9999 -9999 -9999 -9999 -9999 -9999 -9999 -9999 -9999 -9999 -9999 -9999 860 -9999 -9999 -9999 -9999 -9999 -9999 -9999 1010 1010 -9999 1010 680 680 900 910 910 910 950 950 -9999 -9999 -9999 870 870 1060
-9999 -9999 -9999 -9999 -9999 -9999 -9999 -9999 -9999 -9999 -9999 -9999 -9999 -9999 -9999 -9999 -9999 -9999 0 0 -9999 -9999 -9999 -9999 -9999 -9999 -9999 -9999 -9999 -9999 -9999 -9999 -9999 -9999 -9999 -9999 -9999 -9999 -9999 -9999 -9999 -9999 -9999 -9999 -9999 -9999 -9999 -9999 -9999 -9999 -9999 -9999 -9999 -9999 -9999 -9999 -9999 -9999 -9999 -9999 -9999 -9999 -9999 -9999 -9999 -9999 -9999 680 680 680 910 910 910 -9999 910 1060 1060 870 870 870 870
-9999 -9999 -9999 -9999 -9999 -9999 -9999 -9999 -9999 -9999 -9999 -9999 -9999 -9999 -9999 -9999 -9999 -9999 -9999 -9999 -9999 -9999 -9999 -9999 -9999 -9999 -9999 -9999 -9999 -9999 -9999 -9999 -9999 -9999 -9999 -9999 -9999 -9999 -9999 -9999 -9999 -9999 -9999 -9999 -9999 -9999 -9999 -9999 -9999 -9999 -9999 -9999 -9999 -9999 -9999 -9999 -9999 -9999 -9999 -9999 -9999 -9999 -9999 -9999 -9999 -9999 1010 -9999 -9999 -9999 -9999 -9999 -9999 910 910 1060 1060 1030 1030 1030 870
-9999 -9999 -9999 -9999 -9999 -9999 -9999 -9999 -9999 -9999 -9999 -9999 -9999 -9999 -9999 -9999 -9999 -9999 -9999 -9999 -9999 -9999 -9999 -9999 -9999 -9999 -9999 -9999 -9999 -9999 -9999 -9999 -9999 -9999 -9999 -9999 -9999 -9999 -9999 -9999 -9999 -9999 -9999 -9999 -9999 -9999 -9999 -9999 -9999 -9999 -9999 -9999 -9999 -9999 -9999 -9999 -9999 -9999 -9999 -9999 -9999 -9999 -9999 -9999 -9999 1010 1010 680 -9999 -9999 -9999 -9999 -9999 -9999 -9999 -9999 1060 1030 1030 1030 860
-9999 -9999 -9999 -9999 -9999 -9999 -9999 -9999 -9999 -9999 -9999 -9999 -9999 -9999 -9999 -9999 -9999 -9999 -9999 -9999 -9999 -9999 -9999 -9999 -9999 -9999 -9999 -9999 -9999 -9999 -9999 -9999 -9999 -9999 -9999 -9999 -9999 -9999 -9999 -9999 -9999 -9999 -9999 -9999 -9999 -9999 -9999 -9999 -9999 -9999 -9999 -9999 -9999 -9999 -9999 -9999 -9999 -9999 -9999 -9999 -9999 -9999 -9999 -9999 -9999 -9999 -9999 -9999 -9999 -9999 -9999 -9999 -9999 -9999 -9999 -9999 -9999 960 960 960 960
