Datasets/monrent.asc
ncols         383
nrows         239
xllcorner     -73.976723696231
yllcorner     45.396293541168
cellsize      0.0013089085639051
NODATA_value  -9999
[rows 144 to 179 of 239, columns 243 to 323 of 383]
1000 1000 1000 1240 1020 1020 1020 1020 1020 0 2000 0 1160 1160 1160 1060 1060 1400 0 900 1330 1330 1330 1520 1500 1500 940 940 940 940 940 1400 1600 1020 1020 1020 1560 1560 1650 340 340 340 340 0 1440 1220 1220 1310 1310 1310 1260 1260 1260 1460 1060 1060 1100 1100 1280 1520 1280 1160 1160 1070 1360 880 880 1230 1230 1180 1240 1224 980 1160 990 730 1090 930 1010 1010 880
1000 1000 1280 1240 1240 1240 1020 2000 2000 2000 2000 2000 1160 1060 1060 1060 1060 1400 1400 1400 1520 1520 1330 1520 1520 1520 1530 940 940 940 940 1400 2100 2100 1020 1020 1360 1400 1650 1650 0 0 340 0 0 1440 1540 1220 1220 1120 1210 1280 1280 1260 1060 1060 1060 1060 1280 1200 1200 1240 1240 1260 1070 1360 1200 864 864 864 1224 1224 1120 1160 725 725 990 1270 840 840 1020
1000 1000 1240 1240 1240 1240 0 0 0 1230 2000 1160 1160 1060 1560 1560 1560 1400 1400 1520 1520 1520 1520 1520 1520 1530 1530 2800 2800 2800 2800 2100 2100 2100 1520 1520 0 1400 1400 1400 0 0 0 0 0 1800 1540 1680 1680 1120 1120 1210 1210 1470 1470 1470 1360 1360 1370 1200 1200 1240 1240 1260 1260 1400 1200 1400 864 864 1224 1224 1224 1176 1120 1120 1176 1176 1440 1440 1440
960 960 1240 0 0 0 0 0 0 0 1230 1050 1280 1560 1560 1560 1560 1400 1400 1520 1520 1520 1520 1520 1120 1530 0 0 0 0 0 0 0 1520 1520 1520 0 0 0 0 0 3600 3600 3600 2800 2800 2800 2800 2800 2800 2800 1036 1380 1470 1470 1470 1470 1360 1470 1370 1480 1210 1210 1210 1260 1220 1220 1400 1400 1400 1530 1224 1224 1224 1224 1224 1176 1060 1060 1340 1440
0 0 0 0 0 0 0 0 0 1230 1230 1050 1280 1280 1280 1280 1560 1400 1440 1440 1520 1520 1520 1120 900 1200 1600 0 0 0 0 0 1800 1800 1800 1800 0 0 3600 3600 3600 3600 3600 3600 2800 2800 2800 1445 1445 1445 1445 1445 1445 1445 1445 1445 1445 1470 1470 1380 1380 1380 1380 1150 1056 1470 1400 1400 1400 1400 1530 1530 1530 1224 1224 1310 1310 1310 1310 1340 1340
0 0 0 0 0 0 0 0 0 1050 1050 1280 1280 1280 1280 1280 1280 1440 1440 1440 1120 1120 1120 900 1200 1600 1400 1400 1390 1390 0 0 1800 1800 1800 1800 2600 2600 2600 3600 3600 0 0 2800 2800 2800 1445 1445 1445 1445 1445 1445 1445 1445 1445 1445 1445 1445 1445 1380 1380 1380 1380 996 1056 892 892 1470 1096 1096 1096 604 604 516 1104 1104 1104 1030 1030 1030 1030
0 0 0 0 0 0 0 0 0 0 0 1280 1280 1280 1280 1280 1440 1440 1440 980 980 960 960 724 856 1192 1224 1400 1390 1390 1390 1800 1800 1800 2600 2600 2600 2600 2600 2600 0 0 0 0 0 0 0 1445 1445 1445 1445 1445 1445 1445 1445 1445 1445 1445 1445 1445 1380 750 750 750 996 1010 892 892 1595 1595 1096 604 516 1530 1104 1104 1104 612 1030 1030 1052
1280 1280 1280 0 0 0 0 0 0 0 0 1300 1300 1300 1280 1280 1420 1440 700 700 980 795 795 880 856 1192 1390 1390 1390 1390 1200 1200 1120 1340 1080 2600 2600 0 0 0 0 0 0 0 0 0 0 1445 1445 1445 1445 1445 1445 1445 1445 1445 1445 1445 1445 1445 1445 1330 750 750 750 750 1112 1595 1595 1595 1595 1096 1096 1176 1176 612 612 612 612 612 1052
0 1280 1280 0 0 0 0 0 0 0 0 1300 1300 1280 1420 1420 1420 1440 700 700 584 724 724 856 890 890 1020 1200 1200 1200 1200 1120 1120 1120 1020 1020 1020 0 0 0 0 0 0 0 0 0 0 0 0 0 0 1445 1445 1445 1445 1445 1445 1445 1445 1445 1445 1440 1330 1330 1330 1060 1060 1595 1595 1595 1595 1595 1580 1176 1176 1176 1176 612 612 1880 1880
0 0 0 0 0 0 0 0 0 0 0 1300 1300 1420 1420 1440 1440 700 700 584 690 860 860 860 890 890 1020 1020 1360 1360 1200 1900 1120 1080 1020 1020 1020 1020 1020 0 0 0 0 0 0 0 0 0 0 0 0 1445 1445 1445 1445 1445 1445 1445 1445 1445 910 1068 1272 1272 1076 888 1708 1708 1595 1595 1595 1595 1580 1580 1176 730 730 730 730 1880 1880
0 0 0 0 0 0 0 0 0 0 1300 1300 1300 1420 1420 700 1420 700 700 584 860 860 860 860 860 956 1020 1360 1360 1360 1900 1900 1200 1020 1020 1020 1020 1020 1020 0 0 0 0 0 0 0 0 0 0 0 0 1445 1445 1445 1445 1445 1445 1445 1445 1445 1870 1870 1068 1068 980 1076 1708 1708 1708 1595 1595 1580 1580 1120 1580 1580 1580 1580 1860 1880 1880
1300 1300 1300 0 0 0 0 0 1900 1900 1900 1900 710 1420 700 700 700 700 736 860 860 860 930 930 956 956 1080 1080 1180 1180 1900 1200 1020 1020 1020 1020 1020 1020 0 0 0 0 0 0 0 0 0 0 0 1445 1445 1445 1445 1445 1445 1445 1445 1445 1445 1870 1870 1870 1870 1870 980 980 1708 1708 1708 1832 1832 1832 1580 1580 1580 1580 1860 1860 1860 1860 2600
1300 1300 1300 1300 1300 1300 1900 1900 1900 1900 1900 1900 710 710 700 700 700 770 736 860 860 1020 930 930 860 970 970 936 1180 1180 1180 1020 1020 1020 1020 1020 1020 0 0 0 0 0 0 0 0 0 0 0 0 1445 1445 1445 1445 1445 1445 1445 1445 1445 1445 1870 1870 1870 1870 1870 1870 1708 1708 1708 1832 1832 1832 1832 1832 1580 1580 1860 1860 1860 1860 1860 2600
820 820 820 820 820 820 1460 1300 1300 1300 1900 710 710 710 785 785 785 736 800 860 860 930 860 860 860 970 970 936 936 936 936 1020 1020 1020 1020 0 0 0 0 0 0 0 0 0 0 0 0 0 1445 1445 1445 1445 1445 1445 1445 1445 1445 1445 1900 1900 1870 1870 1870 1870 1708 1708 1708 1708 1832 1832 1832 1832 1832 1832 1832 1860 1860 1860 1860 1860 2600
820 820 820 820 820 820 1460 1460 1460 1460 1300 710 710 785 785 785 785 785 860 860 1120 850 860 860 970 970 936 936 936 1032 1032 1140 1020 1020 0 0 0 0 0 0 0 0 0 0 0 0 1445 1445 1445 1445 1445 1445 1445 1445 1445 1445 1900 1900 1900 1716 1800 1800 1650 1708 1708 1708 1708 1832 1832 1832 1832 1832 1832 1832 1860 1860 1860 1860 1860 1860 2600
820 820 820 820 1004 1004 1004 1460 710 710 710 710 800 800 800 775 775 1000 1000 1130 850 860 980 980 860 936 936 936 1032 1140 1140 1140 1020 1020 0 0 0 0 0 0 0 0 0 0 0 0 1445 1445 1445 1445 1445 1445 1445 1445 1445 1445 1900 1900 1800 1800 1716 1650 1650 1650 1650 1650 1832 1832 1832 1832 1832 1832 1832 1616 1616 1616 1616 1616 1500 1500 1500
740 1004 1004 1004 1004 1412 1412 1412 710 710 710 828 828 800 840 775 1000 1000 1130 1130 860 1400 1400 1400 816 816 1112 852 1140 1140 1140 1020 1020 0 0 0 0 0 0 0 0 0 0 0 0 1445 1445 1445 1445 1445 1445 1445 1445 1445 1450 1900 1680 1680 1680 1680 1800 1650 1650 1650 1650 1656 1656 1832 1832 1832 1832 1832 1616 1616 1616 1616 1616 1616 1616 1595 1595
740 740 1004 1004 1004 1412 1412 872 872 872 872 828 860 770 765 820 1000 1000 1000 960 1400 1400 1400 1400 840 950 816 1120 795 795 795 1020 0 0 0 0 0 0 0 0 0 0 1445 1445 1445 1445 1445 1445 1445 1445 1445 1445 1445 1450 1450 1760 1600 1600 1680 1680 1650 1650 1650 1650 1650 1656 1656 1656 1832 1832 1832 1832 1616 1616 1315 1616 1616 1616 1616 1595 1595
740 740 740 740 1412 1412 1412 872 872 872 872 670 860 770 830 920 1000 1000 960 840 810 800 840 950 950 950 1310 795 795 795 795 1140 0 0 0 0 0 0 0 0 0 0 1445 1445 1445 1445 1445 1445 1445 1445 1445 1445 1450 1450 1450 1430 1430 1430 1430 1184 1130 1130 1656 1656 1656 1656 1656 1656 1656 1656 1616 1616 1616 1616 1315 1315 1535 1616 1616 1720 1595
1330 0 0 0 1412 872 872 872 840 670 670 790 790 675 830 920 860 860 960 810 800 1020 1020 950 950 1310 1310 1310 796 1140 1140 1140 1216 1392 1392 1392 968 968 1230 1350 0 0 2200 2200 2200 2200 2200 2200 2200 2200 2200 2200 1450 1450 1430 1430 1430 1300 1300 1104 936 1800 1656 1656 1656 1656 1656 1656 1340 1616 1616 1616 1616 1315 1535 1535 1610 1610 1610 1720 1720
1330 0 0 0 0 0 872 872 872 760 760 790 790 960 940 960 960 960 840 860 1200 920 970 970 970 970 1310 796 796 1216 1216 1216 1216 1216 1160 1160 968 968 755 0 0 0 0 0 0 2200 2200 2200 1450 1450 1450 1450 1450 1430 1430 1430 1430 1060 1060 936 936 1800 1800 1572 1572 1656 1656 1340 1340 1820 1616 1616 1315 1315 1535 1610 1610 1870 1870 1870 1720
0 0 0 0 0 0 2000 872 760 760 760 980 960 960 960 960 910 910 804 804 1200 920 1080 796 796 796 796 796 1216 1216 1216 1216 1216 0 0 1160 0 0 0 0 0 0 0 0 0 0 2200 2200 1450 1450 1450 1450 1450 1430 1430 1430 1256 924 924 924 1800 1030 1800 1572 1572 1572 1340 1340 1520 1520 1820 1820 1364 1535 1535 1364 1610 1870 1870 0 -9999
0 0 0 0 0 2000 2000 2000 960 760 980 980 980 980 960 960 760 760 804 940 820 1080 1080 796 796 796 796 796 1216 1216 1216 1216 0 0 0 0 0 0 0 0 0 0 0 0 0 0 0 0 0 0 0 0 1450 1450 1236 1460 1460 1208 1208 1048 1030 1200 1572 1572 650 650 650 650 1520 1520 1364 1364 1364 1364 1364 1364 1364 0 0 -9999 -9999
0 0 0 0 0 2000 2000 1000 1000 960 960 960 980 900 960 960 724 724 940 940 940 940 940 796 796 796 796 1090 1900 1900 1216 1216 0 0 0 0 0 0 0 0 0 0 0 0 0 0 0 0 0 2200 2200 2200 2200 1960 1960 1236 1236 1384 1384 1384 1384 1384 560 560 560 560 464 1400 568 1520 1364 1364 1364 1364 1364 1364 1364 0 0 0 0
0 0 0 0 0 2000 2200 1000 1220 1220 870 870 1040 900 900 775 520 940 940 940 940 940 940 1170 1170 1170 1400 1380 1900 1900 0 0 0 0 0 0 0 0 0 0 0 0 0 0 0 0 1840 1840 1840 1840 2200 2200 1960 1960 1380 1380 1240 1240 1240 1384 1384 1384 775 560 560 560 1400 1178 1178 1178 1178 1178 1178 1178 -9999 936 936 0 0 0 0
0 0 0 0 0 2200 2200 2200 0 1220 1400 1400 1400 1040 1180 608 1320 1060 1060 1180 1180 1420 1420 1420 1040 1040 0 0 1400 1900 1900 1900 0 0 0 0 0 0 0 0 0 0 0 0 0 0 1320 1320 1840 1840 1960 1960 1960 2160 2160 1240 1240 1240 1240 1384 1384 775 980 980 1400 1400 1178 1178 1178 1178 1178 1178 1178 -9999 936 936 936 740 740 740 740
0 0 0 1950 1950 2200 2200 0 0 0 2700 2700 1400 1400 1180 1180 1320 1320 1320 1160 1160 1160 1420 1420 1040 1040 1040 0 0 1660 1660 1660 1400 0 0 0 0 0 0 0 0 0 0 0 1320 1320 1320 1320 2260 1520 1520 1960 1960 2160 1240 1240 1240 1240 1240 1240 775 880 980 700 700 700 492 492 1178 1178 1178 936 936 936 936 936 936 740 740 740 740
0 0 0 1950 2200 2200 0 0 0 2700 2700 2700 2700 1320 1320 1320 1320 1320 1320 1320 1060 1160 1160 1170 1040 1040 1040 0 0 0 1660 1660 1660 0 0 0 0 0 0 0 0 0 0 2260 2260 2260 2260 1600 2200 2200 2690 2690 2690 1030 1030 1030 1240 1240 1240 1240 775 880 735 700 1700 1700 1700 1178 1178 1178 1168 936 936 936 936 936 936 740 740 740 740
0 0 1950 1950 1950 1950 0 0 0 2700 2700 2700 2700 2700 2700 1320 1320 1320 1320 1060 1060 1060 1080 1170 1170 1170 1240 0 0 1180 1860 1180 1180 1860 0 0 0 0 0 0 0 2600 2600 2260 2260 2260 1160 1600 1600 1360 2690 1030 1030 1030 1030 1030 1030 1340 1340 1340 795 735 765 765 1700 2000 2000 2000 -9999 1168 1168 800 800 936 936 936 880 740 740 740 740
0 0 1950 0 0 0 0 0 2700 2700 0 2700 2700 1500 1500 1500 1500 1320 1320 1170 1170 1060 1080 1080 1240 1240 1240 1180 1180 1860 1860 1860 1860 1860 1860 0 0 0 0 0 2120 2120 2600 2600 2600 2600 1160 1160 1600 1600 1440 1440 1440 1030 1030 960 1186 1340 795 795 795 795 1820 1820 2000 2000 2000 -9999 1168 1168 1168 800 795 795 795 880 740 740 840 840 840
0 0 2400 2400 2400 2400 0 0 2700 2700 0 0 0 0 1500 1500 1500 1380 1380 1380 1188 1010 1080 1076 1160 1160 960 1270 1210 1860 1860 1860 1860 1860 1860 0 0 0 1800 1800 1800 2120 2120 2600 1160 1160 1160 1160 1160 1160 1440 1030 1030 1030 960 1186 1186 1030 795 795 1030 1150 1820 1820 1820 -9999 -9999 1168 1168 1168 1168 820 795 795 795 950 1060 1060 840 840 840
1920 0 2400 2400 2400 2400 0 1000 1000 1000 0 0 0 0 0 1500 1380 1380 1380 1380 1320 1010 960 960 1076 1076 1270 1270 1270 1210 1060 1060 1060 1860 1520 1520 0 1700 1700 1700 1700 1800 1840 1840 1840 1920 1160 1160 1160 1440 1030 1030 960 960 960 1186 1186 1030 1030 1030 1150 1150 1150 1820 -9999 1000 1000 1168 940 940 820 820 795 795 950 950 1060 1060 1020 1020 1020
1080 1080 0 2400 2400 2400 0 1000 1000 1000 0 0 0 0 1000 1000 1000 1380 1380 1380 1320 1320 1060 1060 1060 1270 1270 1380 1270 1380 1210 1060 1060 1060 1520 1520 1440 1440 1700 1700 1700 1800 1800 1800 1920 1920 1920 1030 1030 1030 930 1000 1000 1000 1000 1000 1315 1315 920 920 920 705 1150 1315 1000 1000 1000 1000 900 900 900 900 1120 1120 950 1160 840 840 610 610 610
1176 1080 0 0 1240 1240 1240 1480 1000 1000 1000 1000 1000 1000 1000 1000 1000 1380 1020 1020 1340 1340 1680 1060 1060 1270 1270 1270 1380 1380 1380 1210 1210 1210 1520 1160 1160 1160 1440 1440 1440 1128 1800 1800 1570 1570 1570 1570 1030 750 750 930 1000 1000 1060 1060 1315 1315 1315 1315 1315 1315 -9999 950 950 756 756 756 756 756 790 1120 785 785 1160 1160 840 840 740 740 740
1080 1080 0 0 1240 1240 1240 1240 1390 1480 1480 1480 1480 1160 1160 1160 1160 1020 1020 1020 1020 1680 1680 1680 1360 1360 1360 1270 950 950 1000 1000 1210 1210 1210 1120 1020 1160 1160 1160 1210 1128 1128 1570 1570 1570 1570 1570 1570 750 750 750 750 750 970 1060 1060 1315 1315 1315 1315 -9999 950 950 950 950 950 950 790 790 790 790 785 785 1040 740 740 740 740 740 740
1200 1200 940 0 0 1240 1240 1240 1390 1390 1390 810 810 810 810 1160 1160 1160 1160 1160 1850 1850 1420 1700 1700 1420 1420 1800 1360 1360 1300 1300 1180 1180 1000 1000 1120 1020 1210 1210 1210 1210 1210 1120 1120 1570 1570 1570 1000 1000 750 750 970 970 970 1100 1100 1315 1315 1315 1315 950 950 950 950 1040 1040 1040 870 790 790 1000 1000 1000 1040 740 740 740 740 740 740
