Datasets/monrent.asc
ncols         383
nrows         239
xllcorner     -73.976723696231
yllcorner     45.396293541168
cellsize      0.0013089085639051
NODATA_value  -9999
[rows 72 to 107 of 239, columns 243 to 323 of 383]
-9999 -9999 -9999 -9999 -9999 -9999 -9999 -9999 -9999 -9999 -9999 -9999 -9999 -9999 -9999 -9999 -9999 840 840 720 790 800 790 840 840 840 840 850 850 960 870 870 920 920 880 900 840 840 840 840 840 840 840 840 840 840 0 0 0 0 0 0 0 0 900 900 900 900 900 900 900 900 900 900 900 900 900 900 900 900 900 900 900 900 900 900 900 840 840 760 840
-9999 -9999 -9999 -9999 -9999 -9999 -9999 -9999 -9999 -9999 -9999 -9999 -9999 -9999 -9999 -9999 840 840 840 720 720 800 800 800 840 840 840 840 960 960 960 960 920 880 900 1040 792 840 840 840 840 840 840 0 0 0 0 0 0 0 0 0 0 0 0 0 900 900 900 900 900 900 900 900 900 900 900 900 900 900 900 900 900 900 900 900 880 840 840 840 860
-9999 -9999 -9999 -9999 -9999 -9999 -9999 -9999 -9999 -9999 -9999 -9999 -9999 -9999 -9999 840 840 780 780 720 720 0 800 0 0 0 880 880 960 960 960 960 880 940 1040 1040 1040 760 760 840 840 900 900 0 0 0 0 0 0 0 0 0 0 0 0 0 0 900 900 900 900 900 900 900 900 900 900 900 900 900 900 900 900 900 900 880 880 900 900 900 930
-9999 -9999 -9999 -9999 -9999 -9999 -9999 -9999 -9999 -9999 -9999 -9999 -9999 -9999 -9999 840 840 840 840 780 0 0 0 0 1140 1140 1140 910 860 920 920 960 960 960 900 1040 792 792 792 840 880 900 880 0 0 0 0 0 0 0 0 0 0 0 0 0 0 900 900 900 900 900 900 900 900 900 900 900 900 900 900 900 900 900 0 0 920 900 900 900 930
-9999 -9999 -9999 -9999 -9999 -9999 -9999 -9999 -9999 -9999 -9999 -9999 -9999 -9999 840 840 840 660 660 660 660 0 0 820 1140 1140 820 1000 910 910 920 720 720 720 900 900 900 900 900 880 880 880 880 880 880 880 880 0 0 0 0 0 0 0 0 0 0 900 900 900 900 900 900 900 900 900 900 900 900 900 900 900 900 900 0 0 920 920 920 920 920
-9999 -9999 -9999 -9999 -9999 -9999 -9999 -9999 -9999 -9999 -9999 -9999 -9999 -9999 840 820 820 660 660 660 1020 1020 0 0 820 820 820 1000 1000 910 910 900 900 900 900 900 900 880 880 880 880 880 880 880 880 880 880 880 880 0 0 0 0 0 0 0 940 940 0 0 0 900 900 900 900 900 900 900 900 900 900 900 900 0 0 0 920 920 780 780 780
-9999 -9999 -9999 -9999 -9999 -9999 -9999 -9999 -9999 -9999 -9999 -9999 -9999 -9999 765 820 820 840 1020 1020 1020 1020 0 0 0 0 0 776 776 750 900 900 900 900 900 900 880 880 880 880 880 880 880 880 880 880 880 880 880 765 765 0 0 0 0 950 940 940 940 940 880 880 900 900 900 900 900 810 900 900 900 0 0 840 840 840 920 920 780 780 780
-9999 -9999 -9999 -9999 -9999 -9999 -9999 -9999 -9999 -9999 -9999 -9999 -9999 900 765 892 892 790 790 790 820 820 820 820 0 0 0 750 750 750 900 900 900 900 900 900 880 880 880 880 880 880 880 880 880 880 880 765 765 765 765 765 765 0 950 950 950 950 940 940 880 880 900 900 900 810 810 810 810 900 900 0 0 0 840 800 732 732 732 732 732
-9999 -9999 -9999 -9999 -9999 -9999 -9999 -9999 -9999 -9999 -9999 -9999 -9999 900 900 892 892 790 790 790 790 820 860 840 840 890 890 890 850 850 800 800 800 700 900 880 880 880 880 880 880 880 880 880 880 765 765 765 765 765 765 765 765 765 765 950 950 950 920 920 920 920 980 980 860 860 860 810 810 810 1080 1080 1080 0 0 800 732 1000 1000 1000 732
-9999 -9999 -9999 -9999 -9999 -9999 -9999 -9999 -9999 -9999 -9999 765 765 900 892 892 840 840 790 790 730 730 860 840 840 810 810 890 890 800 800 800 800 800 880 880 880 880 880 880 880 880 880 910 910 910 910 765 765 765 765 765 765 765 765 765 830 950 1000 1000 1000 920 980 980 860 860 860 810 810 1080 1080 1080 1080 1080 1080 0 1000 1000 1000 1000 920
-9999 -9999 -9999 -9999 -9999 -9999 -9999 -9999 -9999 -9999 -9999 765 765 765 840 892 840 755 755 755 900 900 860 810 810 810 810 890 750 800 800 800 800 800 880 880 880 900 880 880 880 920 980 880 880 860 860 980 765 765 860 860 860 860 830 830 830 830 830 830 830 1000 824 680 680 680 860 810 810 1080 1080 1080 1080 1080 1080 1080 0 1000 1000 1000 920
-9999 -9999 -9999 -9999 -9999 -9999 -9999 -9999 -9999 -9999 -9999 980 980 840 840 892 755 755 840 840 900 900 810 810 810 750 750 750 750 800 800 800 1280 1280 1280 880 900 900 900 900 920 980 900 900 880 840 840 980 980 860 860 860 860 860 830 830 830 830 830 830 830 830 830 640 640 680 680 1080 1080 1080 1080 1080 1080 1080 1080 1080 1080 1080 1080 1080 920
-9999 -9999 -9999 -9999 -9999 -9999 -9999 -9999 -9999 -9999 765 980 980 980 628 910 910 755 755 755 770 770 810 940 940 940 940 800 800 800 800 800 1280 1280 1280 1280 900 900 900 920 920 980 980 900 860 840 840 840 890 1060 860 860 830 830 830 830 830 830 830 830 830 830 830 830 680 680 680 1080 1080 1080 1080 1080 1080 1080 1080 1080 980 980 1080 1080 1080
-9999 -9999 -9999 -9999 -9999 -9999 -9999 -9999 -9999 -9999 750 980 980 980 824 910 910 910 910 770 770 770 860 940 940 900 900 900 800 800 0 0 1280 1280 1280 1280 1280 1280 900 1000 1000 920 920 980 860 890 890 890 890 860 860 950 840 840 830 830 830 830 830 830 830 830 830 830 830 800 800 1080 1080 1080 1080 1080 1080 1080 1080 1080 980 980 1080 980 980
-9999 -9999 -9999 -9999 -9999 -9999 -9999 -9999 -9999 1024 750 750 824 824 824 628 910 910 910 940 940 860 860 960 740 900 900 900 900 800 0 0 0 0 880 1280 1280 1280 0 900 900 0 0 0 0 0 0 0 760 900 950 840 840 840 960 960 830 830 830 830 830 830 830 830 800 800 800 800 790 860 1080 1080 1244 1244 1244 1244 980 980 980 864 864
-9999 -9999 -9999 -9999 -9999 -9999 -9999 -9999 1024 900 750 750 800 800 860 860 860 910 940 940 940 940 960 960 740 900 900 900 900 0 0 0 0 0 880 880 880 1280 0 0 0 0 0 0 0 0 0 0 760 900 920 920 1020 1020 1020 830 830 696 696 696 696 830 800 800 800 800 800 800 800 790 860 800 800 800 1244 1244 900 900 980 864 864
-9999 -9999 -9999 -9999 -9999 -9999 1024 1024 980 900 890 890 800 800 800 770 770 770 940 940 940 860 860 960 820 900 900 900 900 0 0 0 0 0 910 880 880 900 900 900 900 0 0 0 0 0 760 760 0 760 920 1020 1020 1020 1020 960 960 696 696 696 696 840 800 800 800 800 800 800 800 790 790 900 900 860 860 860 795 1020 860 860 860
-9999 -9999 -9999 -9999 -9999 -9999 1024 1024 980 980 850 890 890 890 830 830 770 790 790 735 735 735 820 820 820 820 820 820 920 920 0 0 930 910 910 910 900 900 900 900 900 900 900 0 0 760 760 760 0 0 920 1020 1020 1020 1020 1020 696 696 696 696 696 840 840 840 800 800 800 800 800 790 795 795 900 795 795 860 795 1020 1020 1020 1020
-9999 -9999 -9999 -9999 -9999 1024 800 800 980 850 850 850 890 830 830 830 830 790 790 820 820 820 820 820 820 820 920 920 920 920 920 930 930 930 930 940 970 890 970 850 850 850 0 0 0 0 0 0 0 0 0 1020 1020 1020 1020 1020 696 696 696 840 840 840 830 820 820 880 800 800 800 800 795 795 795 795 795 795 1020 1020 1020 1020 1020
-9999 -9999 -9999 -9999 -9999 1024 800 800 800 785 850 800 840 830 830 830 780 840 840 840 840 820 820 820 820 920 920 920 920 920 920 920 920 930 930 940 960 890 850 850 0 0 0 920 920 0 0 0 0 0 0 0 900 900 900 1020 1020 696 840 840 840 840 830 820 990 880 880 880 800 800 910 795 795 795 795 795 1020 1020 1020 1020 780
-9999 -9999 -9999 -9999 950 790 800 800 870 785 785 800 800 840 840 790 780 780 840 840 980 980 980 820 820 920 920 920 920 920 920 920 920 880 880 960 890 850 850 850 900 900 920 920 920 1120 0 0 980 980 0 0 900 900 900 1020 1020 980 840 940 940 940 1200 1200 990 880 880 880 880 800 930 920 910 910 910 1020 1020 1020 1020 1020 780
-9999 -9999 -9999 -9999 950 770 790 790 695 870 870 770 795 795 795 790 930 930 820 760 840 980 980 820 920 920 920 920 920 920 920 920 920 990 990 990 990 850 850 850 900 900 900 1120 1120 1120 765 980 980 980 980 980 0 900 900 1020 1020 980 980 920 868 868 1200 1200 1200 880 880 880 880 920 920 920 910 910 910 860 860 1080 900 960 960
-9999 -9999 950 -9999 1176 770 695 695 695 870 770 770 770 820 820 840 930 930 760 760 760 760 840 920 870 870 920 920 920 800 800 960 1040 930 930 930 800 800 850 850 860 860 860 860 765 765 765 765 765 980 980 980 980 1020 1020 1020 980 980 980 920 868 868 1020 820 880 880 880 830 830 830 920 920 770 820 820 820 820 1080 900 960 960
-9999 -9999 -9999 -9999 910 910 695 695 695 820 820 770 820 820 820 820 840 800 760 760 760 760 820 870 870 870 705 920 920 920 920 920 960 1040 1040 930 800 800 820 820 820 820 765 765 765 840 840 1060 1060 880 980 980 980 980 980 1050 980 960 960 868 1020 1020 1020 920 820 820 784 784 784 830 770 770 770 670 670 670 765 900 920 920 960
-9999 -9999 -9999 810 950 910 870 870 870 820 820 700 820 820 820 820 800 800 760 760 760 760 760 870 870 770 705 705 705 920 920 920 920 860 930 930 920 920 920 820 820 820 820 765 920 840 840 1060 1060 780 780 860 860 1050 1050 1050 1050 1050 840 880 880 880 840 840 920 920 784 830 830 770 770 770 900 670 670 670 765 765 920 920 920
-9999 -9999 810 810 810 790 790 870 870 820 820 700 700 820 760 760 760 800 760 760 760 760 820 820 820 700 700 800 800 890 840 860 860 930 930 930 920 920 920 900 940 940 820 900 920 920 1060 1060 1060 780 780 860 980 1000 980 980 840 840 840 880 880 880 880 840 820 820 900 880 880 880 770 770 900 900 715 715 715 880 920 920 920
810 810 810 900 900 790 790 790 790 890 820 820 760 880 880 880 840 840 760 820 820 820 820 820 820 820 810 800 800 740 890 900 900 920 920 920 1000 1000 920 940 940 900 900 900 900 960 960 960 960 780 860 860 1000 1000 840 840 840 840 840 960 960 840 840 840 820 820 820 770 770 880 880 920 900 900 900 900 880 880 880 800 930
810 810 810 900 820 820 820 890 890 890 890 860 760 760 880 880 920 840 760 820 820 820 820 820 820 810 810 810 810 810 810 800 740 740 740 740 628 920 730 880 940 900 900 900 900 960 960 960 960 940 860 980 980 980 1000 1000 1000 840 840 1000 960 1000 1000 820 850 850 820 770 770 770 770 920 920 920 920 920 900 900 900 800 900
810 810 810 810 890 890 820 820 820 890 720 860 860 860 920 920 920 920 820 820 820 820 820 820 820 810 810 810 810 810 810 810 600 740 725 725 628 628 880 880 880 900 900 800 870 870 940 940 940 940 870 970 970 1124 1000 1000 1000 1124 1020 1020 1000 765 765 800 800 800 850 770 770 770 900 900 920 920 920 920 1160 900 900 900 900
880 755 755 890 890 890 1030 1030 1030 820 720 720 720 860 860 860 920 760 820 820 770 880 880 880 810 810 810 810 810 810 810 600 600 600 725 725 725 628 770 448 800 800 800 800 870 870 940 940 890 890 870 870 870 970 1124 1124 1124 916 830 830 830 870 870 870 870 850 880 880 770 770 900 900 920 920 1160 1160 1160 1160 900 920 1000
612 900 900 860 860 860 860 840 840 840 840 720 720 720 880 860 860 880 820 820 0 0 0 810 810 810 810 810 810 810 810 600 600 600 600 600 600 725 770 840 840 950 950 940 940 940 940 940 890 890 890 890 890 870 1124 1124 1124 916 916 916 870 870 870 870 870 850 850 850 810 810 824 824 820 1160 1160 1160 1160 1160 1160 1160 1160
612 900 900 900 900 860 860 880 880 880 820 720 720 880 880 880 655 880 880 880 880 840 840 785 785 810 810 810 600 810 600 600 600 600 600 600 600 600 600 780 780 950 950 950 950 940 940 890 890 890 890 890 890 900 870 900 900 900 916 800 870 870 870 870 850 850 850 810 810 810 810 820 820 1400 1400 1160 1160 1160 1160 1160 1160
612 900 900 900 830 860 900 900 880 880 820 820 820 820 655 655 655 655 880 880 880 840 840 840 840 840 920 810 600 600 600 600 600 600 600 600 600 600 600 600 600 600 600 980 940 940 940 890 890 890 890 890 900 890 890 900 900 900 900 800 800 800 870 870 860 860 850 850 850 850 850 820 820 1400 1400 1160 1160 1455 1160 1160 1160
870 870 870 870 830 830 900 900 890 890 890 820 820 820 655 655 655 880 880 880 840 820 820 840 755 840 840 920 600 600 600 600 600 600 600 600 600 600 600 600 600 600 980 980 980 980 980 890 910 910 910 1040 910 910 860 900 900 900 820 820 820 800 785 785 785 860 745 745 745 745 820 820 1400 1400 1400 1160 1160 1455 1455 1455 1455
795 795 795 830 830 800 800 900 890 890 890 820 820 775 775 775 775 840 880 880 840 840 840 790 755 755 880 920 830 830 900 750 600 600 600 600 600 600 600 600 600 800 800 800 800 735 980 800 800 800 910 910 910 860 860 860 860 820 820 820 0 0 800 800 0 910 910 910 910 910 910 1400 1400 1400 1400 1455 1455 1455 1455 1455 1455
795 795 795 795 900 900 900 880 880 880 970 970 900 900 900 770 770 840 790 790 750 880 790 790 790 860 880 880 730 730 660 830 600 600 600 600 600 600 600 600 600 750 800 800 735 735 735 800 800 755 755 910 910 860 860 860 860 785 785 785 920 800 800 800 910 910 910 910 910 0 0 0 0 1400 1400 1400 1400 1400 1400 1400 1400
