Datasets/monrent.asc
ncols         383
nrows         239
xllcorner     -73.976723696231
yllcorner     45.396293541168
cellsize      0.0013089085639051
NODATA_value  -9999
[rows 108 to 143 of 239, columns 243 to 323 of 383]
860 795 795 795 960 960 880 880 880 880 970 970 900 840 840 840 840 840 790 790 790 790 790 790 890 890 890 890 730 730 890 890 890 600 600 600 600 600 600 600 750 750 750 750 750 735 735 735 800 755 755 755 755 860 860 810 810 755 810 810 790 920 920 920 910 910 910 705 910 0 0 0 0 0 0 0 1400 1400 1400 1400 0
880 880 880 880 960 960 724 724 970 970 970 840 840 840 840 840 840 790 790 790 790 790 890 890 890 890 890 890 890 890 890 890 840 840 900 900 900 900 900 795 795 795 810 810 750 960 960 960 755 755 755 755 755 755 755 784 784 784 784 685 685 820 910 910 910 910 705 705 0 0 0 0 0 0 0 0 0 0 0 1400 0
980 980 860 860 860 860 724 724 755 755 755 840 840 840 840 840 840 790 790 790 790 790 890 890 890 890 890 890 890 890 890 890 760 760 740 740 740 900 800 800 795 795 810 810 840 960 840 870 870 980 980 880 880 880 790 790 830 830 860 860 860 830 800 800 800 800 800 705 0 0 0 0 0 0 0 0 0 0 0 0 0
980 840 840 840 840 840 790 790 755 680 680 680 840 840 840 790 790 790 790 790 790 890 890 890 890 890 890 890 890 890 890 890 890 760 760 740 740 740 890 800 760 760 795 795 840 840 840 820 870 980 980 980 830 860 860 785 785 785 785 785 840 840 840 830 830 900 0 0 0 0 0 0 0 0 0 0 0 0 0 0 0
850 1000 840 840 840 840 790 755 680 680 680 1200 1200 1200 1020 960 790 790 790 790 890 890 890 890 890 890 890 890 890 890 890 890 890 760 760 760 890 890 890 890 760 760 760 760 840 840 840 820 775 775 775 980 830 860 860 860 840 840 785 785 1004 1004 840 840 840 900 0 0 0 0 0 0 0 0 0 0 0 0 0 0 0
850 1000 1000 1000 880 840 840 840 680 680 680 1200 1200 1200 960 960 808 808 790 790 890 890 890 890 890 890 890 890 890 890 890 890 890 890 890 780 780 890 890 725 890 890 760 870 870 770 840 870 775 775 775 920 860 860 860 840 840 840 840 1004 1004 1004 780 780 780 930 0 0 0 0 0 0 0 0 0 0 0 0 0 0 0
960 1000 1000 1000 880 880 880 880 680 680 680 960 960 1200 1200 960 808 808 808 588 890 890 890 890 890 890 890 890 890 890 890 890 890 890 790 790 780 780 780 780 725 940 725 725 725 730 800 800 770 800 880 880 860 860 860 840 840 840 840 1004 1004 1004 725 780 780 930 930 920 0 0 0 0 0 0 0 0 0 0 0 0 0
960 960 880 880 880 1000 880 870 680 960 960 960 960 1200 1200 808 808 808 588 588 1050 1050 890 890 890 890 890 890 890 890 890 890 890 890 704 860 790 790 780 860 860 820 940 730 730 730 770 770 770 830 830 830 830 980 980 980 980 980 1004 1004 1004 1004 910 910 910 910 588 588 880 880 0 0 0 0 0 0 0 0 0 0 0
1000 1080 1080 1080 1080 1000 870 870 685 685 685 780 1200 1200 1200 760 760 760 1120 588 1050 1050 1050 890 890 890 890 890 890 890 890 890 890 704 860 920 920 920 860 860 820 820 820 730 730 730 770 770 770 890 890 890 830 820 830 830 1004 1004 1004 1004 1004 1004 890 890 890 1020 1020 830 920 840 840 840 940 900 980 980 0 0 0 0 0
820 820 1080 1000 1000 1000 870 870 870 780 780 780 780 685 870 870 1120 1120 1120 1120 1120 1120 880 880 880 860 860 890 890 890 704 704 704 704 704 1000 920 920 1000 920 860 820 850 850 850 910 770 770 890 890 890 890 820 820 820 830 830 830 830 1004 1004 800 800 890 890 1020 1020 830 830 850 850 850 840 900 900 900 900 900 900 0 0
820 820 820 740 740 1000 870 870 870 870 870 870 870 870 870 1120 1120 1120 1120 1120 1120 1000 1000 1000 1000 860 860 720 780 880 785 785 785 785 880 880 1000 1000 1000 940 940 830 795 795 795 910 910 910 890 890 670 670 670 820 820 830 830 830 830 900 900 920 800 800 950 950 1020 785 930 930 930 930 880 880 900 830 830 900 900 900 740
1064 1064 1064 740 740 900 900 960 870 870 870 870 870 870 870 1120 1120 1120 1120 1120 1120 860 860 860 860 860 780 780 720 720 775 775 785 820 820 960 850 770 770 940 940 940 750 750 750 750 910 910 910 900 940 940 940 940 670 670 830 900 900 900 860 860 920 1010 1010 1010 755 755 840 840 930 930 680 1010 1010 756 830 830 830 830 890
1064 1064 1064 740 740 900 900 960 960 960 870 870 870 870 870 1120 1120 1120 1120 1120 1120 1120 860 860 860 780 780 780 780 930 930 930 775 775 850 920 960 850 850 770 770 940 890 890 750 750 1020 1020 910 960 900 900 900 900 900 900 900 900 900 860 860 870 1060 1060 1060 1060 820 820 840 840 680 680 680 680 1360 1360 756 810 810 810 890
920 1064 1064 760 760 760 800 960 910 910 930 930 930 980 1000 1000 1120 1120 1120 1120 1120 1120 1050 1050 1050 1050 1050 780 645 645 930 930 930 850 930 850 920 910 910 890 890 870 890 890 785 785 785 785 1200 960 960 990 990 990 900 860 860 1010 1010 1010 960 960 990 870 920 920 920 820 840 680 680 680 680 940 940 1080 1080 810 810 810 920
1064 1064 1064 760 760 760 760 800 910 910 930 930 930 880 1000 1000 1000 910 910 910 775 775 775 820 820 820 1050 850 850 850 810 645 645 800 850 850 880 800 800 910 900 900 870 870 920 920 920 920 1200 1200 1200 880 880 990 990 850 860 870 870 870 1010 1010 990 990 1190 1190 1190 920 920 720 720 1180 1180 1180 940 710 840 810 810 810 920
1064 1064 760 760 760 760 760 760 760 910 820 820 820 880 880 880 1160 910 910 910 840 900 775 820 820 820 970 970 850 850 830 900 900 750 940 940 940 940 940 790 920 756 852 852 852 860 860 900 900 900 860 800 800 880 880 850 850 850 880 880 900 900 990 990 930 930 1020 920 720 720 1800 0 0 0 0 710 840 840 856 856 856
1064 1064 760 760 760 760 760 760 760 760 760 820 820 796 796 796 1160 1160 1160 960 840 900 960 960 890 890 970 970 970 850 850 830 830 900 900 840 940 940 940 800 790 920 824 852 852 852 1020 1000 1000 890 880 880 880 830 860 852 852 860 880 880 880 960 960 940 890 890 890 930 1120 1800 1800 0 0 0 0 920 920 920 930 930 856
770 900 900 900 900 900 760 760 760 760 760 796 796 796 796 810 810 810 810 1030 960 1070 1070 960 890 890 940 970 970 900 900 850 850 850 830 840 840 1080 960 960 960 950 824 824 870 870 870 870 1020 950 890 890 890 830 852 852 852 850 880 880 850 850 1344 1344 770 1344 1344 1700 1700 1700 1700 1700 1700 1800 0 920 920 920 900 900 930
770 900 900 900 900 900 770 770 900 760 760 760 760 760 1000 920 920 1050 1050 1050 1030 1160 1070 980 980 980 940 940 940 960 960 900 900 890 890 840 1060 860 1080 1080 1080 950 950 824 880 880 880 870 1010 1000 950 950 950 890 852 852 850 850 850 850 850 850 1344 1344 1344 1344 1344 1700 1700 1700 1700 1700 1700 1700 912 912 912 1010 1010 1010 1010
900 900 900 900 900 900 770 770 900 900 1000 1000 1000 1000 1000 1000 1000 1040 1040 1040 980 970 940 940 800 800 1100 940 920 920 850 890 890 960 960 890 1060 1060 860 860 1040 890 950 840 890 880 880 850 810 1010 1010 1010 1010 980 980 852 850 850 850 850 850 850 850 1344 1344 1700 1700 1700 1700 1700 1700 1700 1700 1700 912 912 912 890 890 890 892
900 900 900 900 900 900 900 780 900 900 1000 1000 1000 740 740 740 1020 1020 1140 1140 980 980 980 940 900 1220 1220 1060 970 890 910 890 890 720 720 970 970 970 900 900 900 830 820 1130 1010 960 960 960 960 850 810 1010 830 830 1020 1020 850 850 850 850 970 970 970 970 1344 1700 1700 1700 1700 1700 1700 1700 1700 1700 912 912 890 890 890 890 892
900 900 900 900 860 860 900 780 780 840 840 1000 1000 740 740 740 740 740 1140 1140 1140 1040 980 980 940 940 940 960 1060 1100 1056 1056 1056 910 910 1020 1020 940 940 940 940 1200 1200 820 930 930 930 960 850 850 850 850 850 850 980 980 1020 970 1200 1200 1090 970 970 970 1100 1100 1100 908 908 908 908 908 908 908 908 912 890 890 892 892 892
900 900 900 900 900 980 980 980 900 900 840 740 740 740 740 1010 1010 1010 1010 1010 1010 0 1040 910 910 940 940 1030 1030 1100 1100 1100 1100 1100 1070 1070 980 1020 940 940 940 1000 1000 1200 990 990 990 930 850 850 850 850 850 850 850 1140 1020 1070 1200 1200 1200 1090 1020 850 1210 1100 1100 1100 1000 1000 960 908 908 908 908 900 900 880 890 890 890
1570 900 900 900 900 980 980 980 900 900 740 740 740 740 740 740 740 740 1010 1010 0 0 0 0 910 1000 1000 1000 960 960 960 1030 1100 1100 1000 1070 1180 980 1020 1020 850 1000 1000 988 920 920 920 850 850 850 1200 850 850 850 850 1140 1140 1020 1020 1070 1070 1020 1440 1040 1080 1210 1210 1220 1000 1000 960 960 908 908 908 800 900 870 870 920 920
1570 1570 1570 1570 1570 1570 1570 1570 980 980 740 740 740 740 740 740 740 740 740 740 0 0 0 0 0 0 0 0 1335 1335 1335 1170 1090 1090 1090 1090 1180 1180 840 850 850 850 1000 988 988 980 980 980 980 1200 1200 1200 1200 1200 1140 1140 1110 1140 1350 1070 1070 760 1440 1440 1440 1040 1220 1220 1220 1030 960 960 1180 1180 1180 800 800 940 870 760 760
1570 1570 1570 1570 1570 1570 1570 1570 1570 1570 760 760 740 740 740 740 740 740 0 0 0 0 0 0 0 0 0 1335 1335 1335 1060 1170 1170 1170 1170 1120 1120 1000 1000 840 840 1180 1180 940 804 804 804 920 840 1200 1200 1080 1080 1080 1070 1150 1140 1140 1350 1350 1350 760 1190 1190 1180 1250 1270 1270 1160 880 880 796 1180 1180 1060 1060 870 940 860 860 860
1570 1570 1570 1570 1570 1570 1570 1570 1570 840 760 760 810 810 810 810 860 860 0 0 0 0 0 0 0 0 0 1335 1335 1335 1070 1060 1080 1080 1120 1120 1120 1000 1000 1000 1000 1030 1030 1180 1070 1070 804 804 840 840 984 984 1080 1080 1080 1080 1080 1070 1320 1320 1320 1190 1190 1280 1450 1340 1340 1250 1250 1160 1100 730 796 1080 1080 1080 870 795 795 860 860
1570 1570 1570 1570 1570 1570 1570 1570 860 920 840 860 780 780 550 850 850 860 728 728 728 728 728 0 0 0 1335 1335 1335 1070 1070 1070 1070 1070 1080 1080 1068 1068 1000 1000 1000 1000 1030 930 1070 1070 804 804 804 804 984 984 984 984 984 1080 1140 1140 910 1060 1060 1190 1190 1450 1450 1110 1340 1340 1340 1380 1380 1160 1200 952 952 952 868 868 795 890 890
1570 1570 1570 1570 1570 1570 1570 1570 0 756 756 940 940 940 780 780 780 770 770 860 860 780 780 850 850 820 820 820 792 1070 1070 1070 1070 1070 1000 1000 1000 1068 930 930 930 880 930 930 930 930 804 804 804 1168 1168 984 960 984 984 984 984 910 940 1060 1060 1060 1190 1150 1150 1050 1110 1110 0 1240 1060 1180 1160 952 952 868 868 868 868 930 930
1570 1570 1570 1570 1570 1570 0 0 0 0 0 0 856 856 920 920 780 830 830 840 840 840 770 770 775 760 820 820 792 792 792 792 960 960 960 960 960 960 1000 1000 1000 930 930 930 930 930 930 930 968 1168 1168 1168 1080 960 960 1120 1120 1400 1290 1290 940 940 1360 1360 1060 1060 1050 1050 0 0 1072 1072 980 1010 1010 950 868 868 890 890 830
1000 1000 1570 1570 1570 1570 0 0 0 0 0 0 0 0 0 800 820 820 830 860 860 840 770 770 850 760 920 920 800 940 792 792 960 960 960 960 960 960 1280 1280 1280 1280 1280 968 968 968 968 968 968 968 1220 850 1080 1180 1180 970 970 1400 1160 1160 1100 1100 1100 1360 1120 1060 0 0 0 0 0 0 980 980 980 950 950 956 890 890 830
1000 1000 1000 1000 960 960 0 0 0 0 0 0 0 0 0 0 0 0 840 860 860 770 730 860 765 765 880 880 880 920 792 1340 1340 960 960 960 960 1280 1100 1160 1280 1280 1280 980 980 968 1090 1090 968 968 984 850 1080 1080 1080 1000 1000 1090 1090 1210 1160 1160 1080 1080 1048 0 0 0 0 0 0 0 910 980 980 980 980 956 956 830 830
1000 1000 1000 1000 960 1260 1900 1900 1900 1900 1900 0 0 0 0 0 0 0 900 900 900 900 770 770 775 785 660 660 710 830 830 1340 1340 1340 1340 1340 1160 1160 1120 1100 1160 1160 1220 1220 1180 1000 1090 1090 1090 984 984 984 1080 1090 1090 1090 1000 1090 1210 1210 1210 1210 1340 1340 940 0 0 0 0 0 0 0 910 910 910 910 830 830 956 1000 1000
1000 1000 1000 1000 960 1900 1900 1900 1900 1900 1900 0 0 0 0 0 0 0 0 0 900 900 900 1500 1500 1500 1500 1500 1500 940 1250 1250 1250 1340 1340 1340 1720 1720 1160 1120 1120 1120 1080 1300 1220 1400 1400 1000 1000 690 984 690 1120 1120 1120 1220 1220 1220 1340 1340 1520 1520 1340 890 890 900 900 0 0 0 0 890 890 890 932 932 830 870 870 1000 1180
1000 1000 1000 1000 1260 1260 0 0 0 0 0 0 0 0 0 0 0 0 0 0 900 900 1500 1500 1500 1500 1500 1500 1500 940 940 1600 1250 1320 1320 1320 1220 1340 1320 1480 1480 1480 1060 1490 1490 1240 1440 1400 1400 1100 690 690 1390 1390 1160 1160 1220 1230 1230 1520 1520 1520 1520 1330 890 900 900 1200 1200 0 0 980 980 890 932 932 932 870 940 940 940
1000 1000 1000 960 1260 1020 0 0 0 0 0 0 1160 1160 1160 0 0 0 0 900 900 900 1500 1500 1500 1500 1500 940 940 940 940 940 1600 1020 1020 1560 1320 1760 1760 340 1480 1480 1480 1440 1220 1490 1490 1310 1310 1440 1440 1480 1460 1460 970 970 1100 1150 1520 1520 1160 1230 1330 1330 1170 1230 1000 1210 1210 1210 1140 828 828 730 932 932 932 932 930 940 880
