Datasets/population.asc
ncols         383
nrows         239
xllcorner     -73.976723696231
yllcorner     45.396293541168
cellsize      0.0013089085639051
NODATA_value  -9999
[rows 72 to 107 of 239, columns 243 to 323 of 383]
-9999 -9999 -9999 -9999 -9999 -9999 -9999 -9999 -9999 -9999 -9999 -9999 -9999 -9999 -9999 -9999 -9999 508 508 444 528 594 528 648 648 648 648 651 651 494 607 607 510 510 545 579 593 593 593 593 593 593 514 514 514 514 1468 1468 1468 1468 1468 1468 1468 1468 922 922 922 922 922 922 922 922 922 922 922 922 922 922 922 922 922 922 922 922 922 922 922 452 452 360 497
-9999 -9999 -9999 -9999 -9999 -9999 -9999 -9999 -9999 -9999 -9999 -9999 -9999 -9999 -9999 -9999 508 508 508 444 444 594 594 594 648 648 648 648 456 494 494 494 510 545 579 550 1049 593 593 593 593 593 593 1468 1468 1468 1468 1468 1468 1468 1468 1468 1468 1468 1468 1468 922 922 922 922 922 922 922 922 922 922 922 922 922 922 922 922 922 922 922 922 568 452 452 452 544
-9999 -9999 -9999 -9999 -9999 -9999 -9999 -9999 -9999 -9999 -9999 -9999 -9999 -9999 -9999 608 608 466 466 444 444 552 594 552 552 552 414 414 456 494 494 494 456 426 550 550 550 554 554 593 593 456 456 1468 1468 1468 1468 1468 1468 1468 1468 1468 1468 1468 1468 1468 1468 922 922 922 922 922 922 922 922 922 922 922 922 922 922 922 922 922 922 568 568 537 537 537 845
-9999 -9999 -9999 -9999 -9999 -9999 -9999 -9999 -9999 -9999 -9999 -9999 -9999 -9999 -9999 608 608 608 608 466 612 552 552 552 528 528 528 766 494 468 468 494 494 494 456 550 1049 1049 1049 593 732 456 732 1468 1468 1468 1468 1468 1468 1468 1468 1468 1468 1468 1468 1468 1468 922 922 922 922 922 922 922 922 922 922 922 922 922 922 922 922 922 462 462 572 537 537 537 845
-9999 -9999 -9999 -9999 -9999 -9999 -9999 -9999 -9999 -9999 -9999 -9999 -9999 -9999 608 608 608 435 435 435 435 612 552 485 528 528 485 442 766 766 468 650 650 650 456 456 456 456 456 732 732 732 732 732 732 732 732 1468 1468 1468 1468 1468 1468 1468 1468 1468 1468 922 922 922 922 922 922 922 922 922 922 922 922 922 922 922 922 922 462 462 572 572 572 572 334
-9999 -9999 -9999 -9999 -9999 -9999 -9999 -9999 -9999 -9999 -9999 -9999 -9999 -9999 608 487 487 435 435 435 783 783 612 612 485 485 485 442 442 766 766 456 456 456 456 456 456 732 732 732 732 732 732 732 732 732 732 732 732 1468 1468 1468 1468 1468 1468 1468 802 802 279 279 279 421 922 922 922 922 922 922 922 922 922 922 922 462 462 462 572 572 525 525 525
-9999 -9999 -9999 -9999 -9999 -9999 -9999 -9999 -9999 -9999 -9999 -9999 -9999 -9999 603 487 487 608 783 783 783 783 612 612 612 612 612 923 923 604 456 456 456 456 456 456 732 732 732 732 732 732 732 732 732 732 732 732 732 861 861 1468 1468 1468 1468 652 802 802 802 802 724 724 421 922 922 922 922 678 922 922 922 462 462 536 536 536 572 572 525 525 525
-9999 -9999 -9999 -9999 -9999 -9999 -9999 -9999 -9999 -9999 -9999 -9999 -9999 405 603 985 985 571 571 571 554 554 554 554 612 612 612 604 604 604 456 456 456 456 456 456 732 732 732 732 732 732 732 732 732 732 732 861 861 861 861 861 861 1468 652 652 652 652 802 802 724 724 922 922 922 678 678 678 678 922 922 462 462 462 536 497 937 937 937 937 937
-9999 -9999 -9999 -9999 -9999 -9999 -9999 -9999 -9999 -9999 -9999 -9999 -9999 405 405 985 985 571 571 571 571 554 498 559 559 781 781 781 770 770 665 665 665 570 456 732 732 732 732 732 732 732 732 732 732 861 861 861 861 861 861 861 861 861 861 652 652 652 417 417 417 417 622 622 1041 1041 1041 678 678 678 1303 1303 1303 462 462 497 937 584 584 584 937
-9999 -9999 -9999 -9999 -9999 -9999 -9999 -9999 -9999 -9999 -9999 603 603 405 985 985 613 613 571 571 252 252 498 559 559 743 743 781 781 665 665 665 665 665 732 732 732 732 732 732 732 732 732 532 532 532 532 861 861 861 861 861 861 861 861 861 698 652 568 568 568 417 622 622 1041 1041 1041 678 678 1303 1303 1303 1303 1303 1303 462 584 584 584 584 463
-9999 -9999 -9999 -9999 -9999 -9999 -9999 -9999 -9999 -9999 -9999 603 603 603 485 985 613 564 564 564 473 473 498 743 743 743 743 781 768 665 665 665 665 665 732 732 732 754 732 732 732 941 600 732 732 371 371 428 861 861 614 614 614 614 698 698 698 698 698 698 698 568 714 730 730 730 1041 678 678 1303 1303 1303 1303 1303 1303 1303 462 584 584 584 463
-9999 -9999 -9999 -9999 -9999 -9999 -9999 -9999 -9999 -9999 -9999 520 520 485 485 985 564 564 496 496 473 473 624 624 743 768 768 768 768 665 665 665 751 751 751 732 754 754 754 754 941 600 485 485 732 511 511 428 428 614 614 614 614 614 698 698 698 698 698 698 698 698 698 399 399 730 730 1303 1303 1303 1303 1303 1303 1303 1303 1303 1303 1303 1303 1303 463
-9999 -9999 -9999 -9999 -9999 -9999 -9999 -9999 -9999 -9999 603 520 520 520 620 1237 1237 564 564 564 586 586 624 667 667 667 667 665 665 665 665 665 751 751 751 751 754 754 754 941 941 600 600 485 371 511 511 511 602 444 614 614 698 698 698 698 698 698 698 698 698 698 698 698 730 730 730 1303 1303 1303 1303 1303 1303 1303 1303 1303 1753 1753 1303 1303 1303
-9999 -9999 -9999 -9999 -9999 -9999 -9999 -9999 -9999 -9999 406 520 520 520 960 1237 1237 1237 1237 586 586 586 493 667 667 596 596 596 665 665 1105 1105 751 751 751 751 751 751 754 483 483 941 941 600 371 602 602 602 602 614 614 668 752 752 698 698 698 698 698 698 698 698 698 698 698 366 366 1303 1303 1303 1303 1303 1303 1303 1303 1303 1753 1753 1303 474 474
-9999 -9999 -9999 -9999 -9999 -9999 -9999 -9999 -9999 1079 406 406 960 960 960 620 1237 1237 1237 576 576 493 493 700 340 596 596 596 596 665 1105 1105 1105 1105 407 751 751 751 449 754 754 583 583 583 583 583 583 583 599 543 668 752 752 752 633 633 698 698 698 698 698 698 698 698 366 366 366 366 370 342 1303 1303 1806 1806 1806 1806 1753 1753 1753 1355 1355
-9999 -9999 -9999 -9999 -9999 -9999 -9999 -9999 1079 485 406 406 578 578 629 629 629 1237 576 576 576 576 700 700 340 596 596 596 596 1105 1105 1105 1105 1105 407 407 407 751 449 449 449 449 583 583 583 583 583 583 599 543 431 431 634 634 634 698 698 1071 1071 1071 1071 698 366 366 366 366 366 366 366 370 342 504 504 504 1806 1806 385 385 474 1355 1355
-9999 -9999 -9999 -9999 -9999 -9999 1079 1079 512 485 766 766 578 578 578 735 735 735 576 576 576 512 512 700 620 596 596 596 596 1105 1105 1105 1105 1105 561 407 407 508 508 508 508 449 449 583 583 583 599 599 364 599 431 634 634 634 634 489 489 1071 1071 1071 1071 553 366 366 366 366 366 366 366 370 370 492 492 691 691 691 553 520 488 488 488
-9999 -9999 -9999 -9999 -9999 -9999 1079 1079 512 512 1014 766 766 766 537 537 735 672 672 623 623 623 620 620 620 620 620 620 303 303 1105 1105 1087 561 561 561 508 508 508 508 508 508 508 449 451 599 599 599 364 364 431 634 634 634 634 634 1071 1071 1071 1071 1071 553 553 553 366 366 366 366 366 370 553 553 492 553 553 691 553 520 520 520 520
-9999 -9999 -9999 -9999 -9999 1079 369 369 512 1014 1014 1014 766 537 537 537 537 672 672 481 481 481 481 620 620 620 303 303 303 303 303 1087 1087 1087 1087 459 770 711 770 663 663 663 420 420 420 451 451 451 364 364 535 634 634 634 634 634 1071 1071 1071 553 553 553 512 587 587 706 366 366 366 366 553 553 553 553 553 553 520 520 520 520 520
-9999 -9999 -9999 -9999 -9999 1079 369 369 369 624 1014 588 512 537 537 537 566 751 751 751 751 481 620 620 620 303 303 303 303 303 303 303 303 1087 1087 459 586 711 663 663 420 420 420 516 516 420 451 451 451 535 535 535 509 509 509 604 604 1071 553 553 553 553 512 587 836 706 706 706 366 366 622 553 553 553 553 553 520 520 520 520 782
-9999 -9999 -9999 -9999 643 486 369 369 803 624 624 588 588 512 512 555 566 566 751 751 454 454 454 620 620 303 303 303 303 303 303 303 303 616 616 586 711 663 663 663 564 564 516 516 516 499 451 451 622 622 535 535 509 509 509 604 604 604 553 434 434 434 565 565 836 638 638 638 638 366 500 475 622 593 622 520 520 520 520 520 782
-9999 -9999 -9999 -9999 643 727 486 486 473 803 803 549 732 732 732 555 659 659 618 537 751 454 454 620 303 303 303 303 303 303 303 303 303 695 695 695 695 663 663 663 564 564 564 499 499 499 715 622 622 622 622 622 535 509 509 604 604 604 604 538 982 982 565 565 565 638 638 638 638 475 475 475 593 593 593 560 560 637 319 428 428
-9999 -9999 643 -9999 542 727 473 473 473 803 549 549 549 631 631 520 659 659 537 537 537 537 751 303 742 742 303 821 821 325 325 411 510 597 597 597 351 351 663 663 563 563 563 563 715 715 715 715 715 622 622 622 622 604 604 604 604 604 604 538 982 982 385 626 638 638 638 714 714 714 475 475 726 514 514 514 514 637 319 428 596
-9999 -9999 -9999 -9999 636 636 473 473 473 624 624 549 631 631 631 631 520 501 537 537 537 537 620 742 742 742 630 821 821 821 821 591 411 510 510 597 351 351 485 485 797 797 715 715 715 424 424 536 536 440 622 622 622 622 622 1768 604 750 750 982 385 385 385 441 626 626 1135 1135 1135 714 564 726 726 448 448 448 476 319 588 588 596
-9999 -9999 -9999 580 643 636 754 754 754 624 624 649 631 631 631 631 501 501 537 537 537 537 537 742 742 570 630 630 630 821 821 591 591 648 590 590 386 386 386 797 797 797 797 715 416 424 424 536 536 491 491 454 454 1768 1768 1768 1768 1768 530 708 708 708 575 575 441 441 1135 714 714 564 564 726 489 448 448 448 476 476 588 588 588
-9999 -9999 580 580 580 579 579 754 754 802 802 649 649 631 474 474 474 501 537 537 537 537 695 695 695 487 487 521 521 616 567 648 648 590 590 590 386 386 386 373 483 483 797 595 416 416 536 536 536 491 491 454 455 549 455 455 530 530 530 708 708 708 708 575 470 470 331 604 604 604 726 726 489 489 656 656 656 582 588 588 588
580 580 580 355 355 579 579 579 579 753 802 802 679 510 510 510 467 467 537 695 695 695 695 695 695 695 783 521 521 567 616 577 577 466 466 466 410 507 386 295 483 595 595 595 595 473 473 473 473 491 454 454 549 549 530 530 530 530 530 498 498 575 575 575 470 470 470 491 491 604 604 457 489 489 489 489 582 582 582 450 530
580 580 580 355 699 699 699 753 753 753 753 505 679 679 510 510 766 467 537 695 695 695 695 695 695 783 783 783 783 783 783 578 484 484 484 484 677 484 284 471 295 595 595 595 595 473 473 473 473 1154 454 455 455 455 549 549 404 530 530 635 498 635 635 470 480 480 470 491 491 491 491 457 457 457 457 457 492 492 492 450 492
580 580 580 580 592 592 699 699 699 753 558 505 505 505 766 766 766 766 695 695 695 695 695 695 695 783 783 783 783 783 783 783 494 484 772 772 677 677 471 471 471 595 595 573 644 653 1154 1154 1154 1154 621 757 757 1085 404 404 404 1085 512 512 635 649 649 737 737 737 480 491 491 491 433 433 457 457 457 457 1393 492 492 492 492
492 637 637 592 592 592 600 600 600 699 558 558 558 505 505 505 766 537 695 695 585 805 805 805 783 783 783 783 783 783 783 494 494 494 772 772 772 677 536 676 573 573 573 573 644 653 1154 1154 703 703 621 621 621 757 1085 1085 1085 934 802 802 802 660 660 660 660 590 575 575 491 491 602 602 457 457 1393 1393 1393 1393 492 515 474
461 722 722 639 639 580 580 419 419 419 419 558 558 558 590 406 406 560 695 695 253 253 253 783 783 783 783 783 783 783 783 494 494 494 494 494 494 772 536 562 562 800 800 1154 1154 1154 1154 1154 703 703 703 703 703 621 1085 1085 1085 934 934 934 660 660 660 660 660 590 590 590 657 657 822 822 702 1393 1393 1393 1393 1393 1393 1393 1393
461 722 722 722 722 580 580 383 383 383 655 558 558 590 590 590 825 560 560 493 493 528 528 613 613 783 783 783 494 783 494 494 494 494 494 494 494 494 494 807 807 800 800 800 800 1154 1154 703 703 703 703 703 703 409 621 1414 1414 1414 934 584 660 660 660 660 590 590 590 657 657 657 657 702 702 1265 1265 1393 1393 1393 1393 1393 1393
461 722 722 722 468 580 416 416 383 383 735 655 655 655 825 825 825 825 493 493 493 781 781 781 528 528 514 783 494 494 494 494 494 494 494 494 494 494 494 494 494 494 494 554 1154 1154 1154 703 703 703 703 703 409 703 703 1414 1414 1414 1414 584 584 584 660 660 535 535 590 563 563 563 563 702 702 1265 1265 1393 1393 1506 1393 1393 1393
533 533 533 533 468 468 416 416 739 739 739 735 735 655 825 825 825 493 493 493 413 393 393 781 743 528 528 680 494 494 494 494 494 494 494 494 494 494 494 494 494 494 554 554 554 554 554 703 570 570 570 491 570 570 1165 1414 1414 1414 807 807 807 584 585 585 585 535 649 649 649 649 702 702 1265 1265 1265 1393 1393 1506 1506 1506 1506
513 513 513 468 468 532 532 416 739 739 739 735 735 561 561 561 561 661 493 417 413 413 413 628 743 743 770 680 616 616 531 498 494 494 494 494 494 494 494 494 494 590 590 590 590 677 554 523 523 523 570 570 570 1165 1165 1165 1165 807 807 807 312 312 442 442 312 766 766 672 672 672 672 1265 1265 1265 1265 1506 1506 1506 1506 1506 1506
513 513 513 513 537 537 537 477 477 477 933 933 493 493 493 542 542 661 620 620 441 417 430 430 628 537 770 770 333 333 465 616 494 494 494 494 494 494 494 494 494 953 590 590 677 677 677 523 523 864 864 570 570 1165 1165 1165 1165 791 791 791 411 442 442 442 766 766 766 766 766 0 0 0 0 1265 1265 1265 1265 1265 1265 1265 1265
