Datasets/population.asc
ncols         383
nrows         239
xllcorner     -73.976723696231
yllcorner     45.396293541168
cellsize      0.0013089085639051
NODATA_value  -9999
[rows 144 to 179 of 239, columns 243 to 323 of 383]
368 368 368 663 507 507 507 507 507 490 534 490 630 630 630 736 736 521 386 478 604 604 604 1504 572 572 673 673 673 673 673 549 541 493 493 493 635 635 463 374 374 374 374 588 708 977 977 616 616 616 560 560 435 620 474 474 760 760 700 446 469 664 664 640 413 462 462 425 425 815 582 1285 622 387 580 501 408 599 366 366 553
368 368 615 663 663 663 507 534 534 534 534 534 630 736 736 736 736 521 521 521 1504 1504 604 1504 1504 1504 1732 673 673 673 673 549 609 609 493 493 536 527 463 463 494 494 374 588 588 708 459 977 977 483 618 386 386 435 474 474 474 474 700 747 747 438 438 480 640 413 347 450 450 450 1285 1285 350 387 555 555 580 675 488 488 592
368 368 426 426 663 663 522 522 522 773 534 630 630 736 611 611 611 521 521 1504 1504 1504 1504 1504 1504 1732 1732 430 430 430 430 609 609 609 461 461 398 527 527 527 494 494 494 588 588 533 459 546 546 483 483 618 618 549 549 549 554 554 500 747 747 438 438 480 480 789 347 789 450 450 1285 1285 1285 916 350 350 916 916 897 897 897
818 818 426 573 573 522 522 522 522 522 773 603 561 611 611 611 611 521 521 1504 1504 1504 1504 1504 743 1732 444 444 444 444 406 406 406 461 461 461 398 398 398 398 494 569 569 569 625 625 625 625 625 625 625 781 322 549 549 549 549 554 549 500 341 727 727 727 480 620 620 789 789 789 561 1285 1285 1285 1285 1285 916 639 639 599 897
573 573 573 573 573 522 522 514 514 773 773 603 561 561 561 561 611 521 917 917 1504 1504 1504 743 309 379 316 444 444 444 406 406 426 426 426 426 398 398 569 569 569 569 569 569 625 625 625 943 943 943 943 943 943 943 943 943 943 549 549 294 294 294 294 530 665 535 424 424 789 789 561 561 561 1285 1285 746 746 746 746 599 599
573 573 573 476 514 514 514 514 514 603 603 561 561 561 561 561 561 917 917 917 743 743 743 309 379 316 480 480 1389 1389 406 406 426 426 426 426 515 515 515 569 569 238 238 625 625 625 943 943 943 943 943 943 943 943 943 943 943 943 943 294 294 294 294 549 665 492 492 535 867 867 867 781 781 301 916 916 916 845 845 845 845
573 476 476 476 476 514 514 514 514 435 435 561 561 561 561 561 917 917 917 796 796 294 294 1138 801 1295 991 480 1389 1389 1389 426 426 426 515 515 515 515 515 515 238 238 238 238 238 238 238 943 943 943 943 943 943 943 943 943 943 943 943 943 294 677 677 677 549 624 492 492 1325 1325 867 781 301 561 916 916 916 335 845 845 1302
615 615 615 476 476 476 476 435 435 435 435 443 443 443 561 561 1161 917 594 594 796 466 466 685 801 1295 1389 1389 1389 1389 442 442 820 536 481 515 515 238 238 238 238 238 238 238 238 238 238 943 943 943 943 943 943 943 943 943 943 943 943 943 943 673 677 677 677 677 633 1325 1325 1325 1325 867 867 1647 1647 335 335 335 335 335 1302
410 615 615 476 476 476 476 435 435 435 435 443 443 561 1161 1161 1161 917 594 594 460 1138 1138 801 427 424 262 442 442 442 442 820 820 820 564 564 564 238 238 238 238 238 238 238 238 238 238 238 238 238 238 943 943 943 943 943 943 943 943 943 943 580 722 722 722 858 858 1325 1325 1325 1325 1325 1428 1647 1647 1647 1647 335 335 818 818
410 410 410 502 476 502 502 409 435 435 435 443 443 1161 1161 917 917 594 594 460 456 392 392 392 424 424 262 262 579 579 442 593 820 481 564 564 564 564 564 238 238 238 238 238 238 238 238 238 238 238 238 943 943 943 943 943 943 943 943 943 467 548 652 652 723 768 2031 2031 1325 1325 1325 1325 1428 1428 1647 316 316 316 316 818 818
410 502 502 502 502 502 409 409 409 409 443 443 443 1161 1161 594 1161 594 594 460 392 392 392 392 392 980 262 579 579 579 593 593 364 564 564 564 564 564 564 21 238 238 238 238 238 238 238 238 238 238 238 943 943 943 943 943 943 943 943 943 1012 1012 548 548 260 723 2031 2031 2031 1325 1325 1428 1428 535 1428 1428 1428 1428 1275 818 818
617 617 617 502 502 409 409 409 568 568 568 568 472 1161 594 594 594 594 924 488 488 488 716 716 980 980 553 553 642 642 593 364 564 564 564 564 564 564 21 21 21 21 21 21 238 238 238 238 238 943 943 943 943 943 943 943 943 943 943 1012 1012 1012 1012 1012 260 260 2031 2031 2031 2648 2648 2648 1428 1428 1428 1428 1275 1275 1275 1275 559
617 617 617 617 617 617 568 568 568 568 568 568 472 472 594 594 594 457 924 488 488 470 716 716 459 528 528 657 642 642 642 564 564 564 564 564 564 21 21 21 21 21 21 21 21 21 238 238 238 943 943 943 943 943 943 943 943 943 943 1012 1012 1012 1012 1012 1012 2031 2031 2031 2648 2648 2648 2648 2648 1428 1428 1275 1275 1275 1275 1275 559
1015 1015 1015 1015 1015 1015 1167 617 617 617 568 472 472 472 670 670 670 924 270 488 488 716 459 459 459 528 528 657 657 657 657 564 564 564 564 21 21 21 21 21 21 21 21 21 21 21 21 21 943 943 943 943 943 943 943 943 943 943 770 770 1012 1012 1012 1012 2031 2031 2031 2031 2648 2648 2648 2648 2648 2648 2648 1275 1275 1275 1275 1275 559
1015 1015 1015 1015 1015 1015 1167 1167 1167 1167 617 472 472 670 670 670 670 670 488 488 308 503 775 775 528 528 657 657 657 731 731 521 564 564 21 21 21 21 21 21 21 21 21 21 21 21 943 943 943 943 943 943 943 943 943 943 770 770 770 1305 728 728 1572 2031 2031 2031 2031 2648 2648 2648 2648 2648 2648 2648 1275 1275 1275 1275 1275 1275 559
1015 1015 1015 1015 1904 1904 1904 1167 472 472 472 472 522 522 522 537 537 1023 1023 670 503 775 305 305 505 657 657 657 731 521 521 521 564 564 21 21 21 21 21 21 21 21 21 21 21 21 943 943 943 943 943 943 943 943 943 943 770 770 557 557 1305 1572 1572 1572 1572 1572 2648 2648 2648 2648 2648 2648 2648 2390 2390 2281 2281 2281 634 634 634
542 1904 1904 1904 1904 2704 2704 2704 472 472 472 973 973 522 967 537 1023 1023 670 670 453 106 106 106 590 590 921 482 521 521 521 564 564 21 21 21 21 21 21 21 21 21 21 21 21 943 943 943 943 943 943 943 943 943 1298 770 915 915 915 915 557 1572 1572 1572 1572 5477 5477 2648 2648 2648 2648 2648 2390 2390 2390 2281 2281 2281 2281 1001 1001
542 542 1904 1904 1904 2704 2704 1330 1330 1330 1330 973 399 430 697 392 1023 1023 245 395 106 106 106 106 712 610 590 247 488 488 488 564 21 21 21 21 21 21 21 21 21 21 943 943 943 943 943 943 943 943 943 943 943 1298 1298 394 1594 1594 915 915 1572 1572 1572 1572 1572 5477 5477 5477 2648 2648 2648 2648 2390 2390 1362 2281 2281 2281 2281 1001 1001
542 542 542 542 2704 2704 2704 1330 1330 1330 1330 547 399 430 746 492 245 245 395 543 600 365 712 610 610 610 571 488 488 488 488 456 21 21 21 21 21 21 21 21 21 21 943 943 943 943 943 943 943 943 943 943 1298 1298 1298 884 884 884 884 1022 377 377 5477 5477 5477 5477 5477 5477 5477 5477 2390 2390 2390 2390 1362 1362 1451 2281 2281 485 1001
1372 5 5 5 2704 1330 1330 1330 432 547 547 806 806 422 746 492 433 433 514 600 365 740 740 610 610 571 571 571 1083 456 456 456 773 1670 1670 1670 1053 1053 465 711 533 533 714 714 714 714 714 714 714 714 714 714 1298 1298 884 884 884 419 419 807 585 160 5477 5477 5477 5477 5477 5477 642 2390 2390 2390 2390 1362 1451 1451 2081 2081 2081 485 485
1372 5 5 5 5 5 1330 1330 1330 411 411 806 806 531 597 416 416 416 765 897 256 798 628 628 628 628 571 1083 1083 773 773 773 773 773 897 897 1053 1053 388 533 533 533 533 533 533 714 714 714 1298 1298 1298 1298 1298 884 884 884 884 1305 1305 585 585 160 160 1672 1672 5477 5477 642 642 1085 2390 2390 1362 1362 1451 2081 2081 1014 1014 1014 485
5 5 5 5 5 5 533 1330 411 411 411 642 531 531 531 416 514 514 1011 1011 256 798 541 1083 1083 1083 1083 1083 773 773 773 773 773 533 533 897 533 533 533 533 533 533 533 625 625 625 714 714 1298 1298 1298 1298 1298 884 884 884 690 576 576 576 160 451 160 1672 1672 1672 642 642 446 446 1085 1085 4206 1451 1451 4206 2081 1014 1014 0 -9999
5 5 5 5 5 533 533 533 729 411 642 642 642 642 416 416 353 353 1011 539 519 541 541 1083 1083 1083 1083 1083 773 773 773 773 369 369 533 533 533 533 533 533 533 533 625 625 625 625 537 537 537 537 537 537 1298 1298 737 1534 1534 668 668 1102 451 608 1672 1672 679 679 679 679 446 446 4206 4206 4206 4206 4206 4206 4206 0 0 -9999 -9999
5 5 5 5 5 533 533 587 587 729 729 729 642 494 416 416 703 703 539 539 539 602 602 1083 1083 1083 1083 528 436 436 773 773 369 369 533 533 533 533 533 533 625 625 625 625 625 625 537 537 537 465 465 465 465 388 388 737 737 1534 1534 1534 1534 1534 643 643 643 643 579 549 557 446 4206 4206 4206 4206 4206 4206 4206 0 0 0 0
5 5 5 581 581 533 481 587 527 527 747 747 621 494 494 523 178 539 539 539 539 602 602 723 723 723 672 444 436 436 369 369 369 369 533 533 533 625 625 625 625 466 466 466 466 466 421 421 421 421 465 465 388 388 795 795 667 667 667 1534 1534 1534 650 643 643 643 549 2375 2375 2375 2375 2375 2375 2375 -9999 1339 1339 0 0 0 0
5 5 581 581 581 481 481 481 507 527 522 522 522 621 479 640 609 393 393 409 409 460 460 519 472 472 412 412 672 436 436 436 369 369 452 625 625 625 625 503 503 466 466 466 466 466 583 583 421 421 388 388 388 782 782 667 667 667 667 1534 1534 650 616 616 549 549 2375 2375 2375 2375 2375 2375 2375 -9999 1339 1339 1339 684 684 684 684
5 5 581 524 524 481 481 507 507 507 723 723 522 522 479 479 609 609 609 481 481 481 519 519 472 472 472 412 412 627 627 627 672 452 452 644 644 503 503 503 446 446 446 466 583 583 583 583 641 449 449 388 388 782 667 667 667 667 667 667 650 573 616 585 585 585 544 544 2375 2375 2375 1339 1339 1339 1339 1339 1339 684 684 684 684
5 5 581 524 481 481 507 507 507 723 723 723 723 472 472 472 609 609 609 609 400 481 481 501 472 472 472 412 412 412 627 627 627 452 644 644 644 644 644 446 446 446 446 641 641 641 641 592 417 417 1027 1027 1027 968 968 968 667 667 667 667 650 573 521 585 655 655 655 2375 2375 2375 1028 1339 1339 1339 1339 1339 1339 684 684 684 684
5 5 524 524 524 524 507 507 507 723 723 723 723 723 723 609 609 609 609 400 400 400 802 501 501 501 378 412 412 1028 1144 1028 1028 1144 396 644 644 644 446 446 446 499 499 641 641 641 303 592 592 554 1027 968 968 968 968 968 968 469 469 469 485 521 502 502 655 850 850 850 -9999 1028 1028 704 704 1339 1339 1339 597 684 684 684 684
5 5 524 548 548 548 548 548 723 723 469 723 723 505 505 505 505 609 609 809 809 400 802 802 378 378 378 1028 1028 1144 1144 1144 1144 1144 1144 396 396 396 446 446 512 512 499 499 499 499 303 303 592 592 959 959 959 968 968 634 1857 469 485 485 485 485 842 842 850 850 850 -9999 1028 1028 1028 704 702 702 702 597 684 684 487 487 487
5 5 447 447 447 447 548 548 723 723 469 469 469 469 505 505 505 751 751 751 759 536 802 901 366 366 1018 862 559 1144 1144 1144 1144 1144 1144 396 396 396 658 658 658 512 512 499 303 303 303 303 303 303 959 968 968 968 634 1857 1857 525 485 485 525 462 842 842 842 -9999 -9999 1028 1028 1028 1028 594 702 702 702 663 566 566 487 487 487
659 5 447 447 447 447 548 688 688 688 469 469 469 469 469 505 751 751 751 751 368 536 589 589 901 901 862 862 862 559 652 652 652 1144 771 771 396 563 563 563 563 658 613 613 613 582 303 303 303 959 968 968 634 634 634 1857 1857 525 525 525 462 462 462 842 -9999 981 981 1028 592 592 594 594 702 702 663 663 566 566 528 528 528
863 863 374 447 447 447 548 688 688 688 469 469 469 469 475 475 475 751 751 751 368 368 655 655 655 628 628 626 862 626 559 652 652 652 771 771 377 377 563 563 563 571 571 571 582 582 582 968 968 968 592 662 662 662 662 662 1282 1282 595 595 595 556 462 1282 981 981 981 981 695 695 695 695 505 505 663 556 407 407 616 616 616
948 863 374 374 485 485 485 551 688 688 688 688 688 475 475 475 475 751 623 623 516 516 608 655 655 628 628 628 626 626 626 559 559 559 771 592 592 592 377 377 377 609 571 571 678 678 678 678 968 559 559 592 662 662 674 674 1282 1282 1282 1282 1282 1282 -9999 747 747 684 684 684 684 684 507 505 503 503 556 556 346 346 684 684 684
863 863 374 374 485 485 485 485 543 551 551 551 551 679 679 679 679 623 623 623 623 608 608 608 455 455 455 628 651 651 619 619 559 559 559 551 411 592 592 592 827 609 609 678 678 678 678 678 678 559 559 559 559 559 600 674 674 1282 1282 1282 1282 -9999 747 747 747 747 747 747 507 507 507 507 503 503 502 684 684 684 684 684 684
834 834 797 525 525 485 485 485 543 543 543 741 741 741 741 679 679 679 679 679 407 407 482 427 427 563 563 491 528 528 681 681 467 467 619 619 551 411 827 827 827 827 827 453 453 678 678 678 1035 1035 559 559 600 600 600 500 500 1282 1282 1282 1282 747 747 747 747 462 462 462 768 507 507 395 395 395 502 684 684 684 684 684 684
