Datasets/population.asc
ncols         383
nrows         239
xllcorner     -73.976723696231
yllcorner     45.396293541168
cellsize      0.0013089085639051
NODATA_value  -9999
[rows 180 to 215 of 239, columns 81 to 161 of 383]
782 782 782 409 409 409 409 506 448 335 470 338 338 338 470 574 574 574 574 574 574 319 319 532 532 532 532 530 812 812 812 425 425 478 1191 1191 1191 1191 1191 1191 1191 1191 1191 1191 1191 1191 1191 1191 1191 1191 1191 1191 1191 1191 1191 1191 1191 1191 1191 1191 1191 1191 1191 1191 1191 573 573 573 573 573 573 573 573 573 573 573 573 573 573 467 467
782 782 782 409 506 409 506 506 448 448 335 338 338 470 470 470 470 574 574 574 427 427 427 427 360 360 530 530 530 478 478 1191 1191 1191 1191 1191 1191 1191 1191 1191 1191 1191 1191 1191 1191 1191 1191 1191 1191 1191 1191 1191 1191 1191 1191 1191 1191 1191 1191 1191 1191 1191 1191 1191 1191 573 573 573 573 573 573 573 573 573 573 573 573 573 573 573 573
782 612 612 612 448 448 448 506 475 475 475 466 466 470 475 475 475 475 360 360 360 360 530 530 530 386 386 386 530 478 1191 1191 1191 1191 1191 1191 1191 1191 1191 1191 1191 1191 1191 1191 1191 1191 1191 1191 1191 1191 1191 1191 1191 1191 1191 1191 1191 1191 1191 1191 1191 1191 1191 1191 1191 1191 1191 573 573 573 573 573 573 573 573 573 573 573 573 573 573
612 612 612 612 448 448 448 448 475 475 466 466 466 466 475 475 475 475 360 360 360 530 435 435 386 386 386 888 1119 1119 1119 1191 1191 1191 1191 1191 1191 1191 1191 1191 1191 1191 1191 1191 1191 1191 1191 1191 1191 1191 1191 1191 1191 1191 1191 1191 1191 1191 1191 1191 1191 1191 1191 1191 1191 1191 1191 1191 573 573 573 573 573 573 573 573 573 573 573 573 573
612 612 612 612 612 612 612 475 475 499 499 499 499 466 466 475 360 360 530 530 530 530 435 435 530 888 888 888 1119 1119 1119 1191 1191 1191 1191 1191 1191 1191 1191 1191 1191 1191 1191 1191 1191 1191 1191 1191 1191 895 895 1191 525 525 525 1191 1191 1191 1191 1191 1191 1191 1191 1191 1191 1191 1191 1191 1191 573 573 573 573 573 573 573 573 573 573 573 573
612 612 612 612 612 435 435 475 435 499 499 466 466 466 441 360 360 530 435 435 435 435 435 530 1119 888 888 1119 1119 1119 888 888 1191 1191 1191 1191 1191 1191 1191 1191 1191 1191 1191 1191 1191 1191 1191 1191 895 742 742 895 525 525 525 1210 1210 1191 1191 1191 1191 1191 1191 1191 1191 1191 573 573 573 573 573 573 573 573 573 573 573 573 573 573 573
427 427 612 612 435 435 435 499 499 498 466 466 466 441 441 441 530 530 435 435 435 435 530 1119 888 1119 1119 1119 1119 888 888 888 888 888 1191 1191 1191 1191 1191 1191 1191 1191 1191 1191 1191 1191 1191 895 895 742 742 742 525 525 525 525 1210 1191 1191 1191 1191 1191 1191 1191 1191 712 573 573 573 573 573 573 573 573 573 573 573 573 573 573 573
427 427 612 435 435 499 499 499 498 441 441 441 441 441 516 741 741 741 530 530 888 1119 1119 1119 1119 888 888 888 888 888 888 888 888 888 888 1191 1191 1191 1191 1191 1191 1191 1191 1191 504 504 504 504 895 742 742 742 742 742 1210 1210 1210 1210 1210 1191 1191 1191 1191 712 712 712 573 573 573 573 573 573 573 573 573 573 573 573 573 573 573
471 427 435 435 499 499 499 498 498 441 441 516 516 516 516 741 741 741 888 888 888 888 1119 1119 888 888 888 888 888 888 888 3084 3084 3084 3084 3084 1191 1191 1191 1191 1191 1191 543 543 504 504 504 504 504 742 742 742 742 742 742 1210 1210 1210 1210 1210 1210 1191 712 712 712 712 712 712 573 573 573 573 573 573 573 573 573 573 573 573 573
518 518 518 499 499 498 498 498 498 498 441 516 516 516 516 741 741 741 741 888 888 888 888 888 888 888 888 888 888 888 3084 3084 3084 3084 3084 3084 3084 1191 1191 543 543 543 543 543 504 504 531 531 531 531 742 637 637 637 637 637 1210 712 712 281 281 439 439 712 712 712 712 712 573 573 573 573 573 573 573 573 573 573 573 573 573
518 518 518 499 498 498 498 498 498 836 836 836 516 516 516 741 741 741 741 741 741 888 888 888 888 888 888 888 888 3084 3084 3084 3084 3084 3084 3084 3084 1191 543 543 543 543 543 495 531 531 531 531 531 531 637 637 637 637 637 637 712 712 281 281 281 439 439 439 439 712 712 712 573 573 573 573 573 573 573 573 573 573 573 573 533
518 458 458 458 458 836 836 836 836 836 836 836 516 516 516 516 741 741 741 741 741 741 888 888 888 888 3084 3084 3084 3084 3084 3084 3084 3084 3084 3084 3084 543 543 495 495 543 495 495 571 531 531 531 637 637 637 637 637 505 505 712 712 505 281 281 439 439 439 439 546 546 546 546 712 573 573 573 573 573 573 573 573 573 573 573 573
458 458 458 458 458 836 836 836 836 836 836 836 836 836 741 741 741 741 741 741 741 741 741 3084 3084 3084 3084 3084 3084 3084 3084 3084 3084 3084 3084 3084 3084 3084 625 495 495 495 495 571 571 571 637 637 637 637 637 637 505 505 505 505 505 505 281 281 546 546 439 546 546 546 546 546 712 573 573 573 573 573 573 573 573 573 573 573 573
458 458 402 458 402 458 458 836 836 836 836 836 836 836 741 741 741 741 741 819 819 819 819 819 3084 3084 3084 3084 3084 3084 3084 3084 3084 3084 3084 3084 3084 3084 625 625 625 495 495 571 571 571 637 637 637 637 556 505 556 505 505 505 505 505 505 546 546 546 546 546 500 500 898 898 898 447 447 447 447 573 573 573 573 573 573 573 573
458 402 402 402 378 378 378 378 836 836 836 836 836 836 836 741 819 819 819 819 819 819 819 819 819 3084 3084 3084 3084 3084 3084 352 352 3084 3084 3084 3084 748 625 625 625 625 571 571 571 571 571 571 1015 1015 1015 556 556 556 556 505 505 505 505 520 500 500 500 500 500 500 500 898 898 447 447 447 447 573 573 573 573 471 471 471 533
518 373 373 378 378 378 378 378 378 836 836 836 819 819 819 819 819 819 819 819 819 819 819 819 819 3084 3084 3084 3084 3084 3084 3084 352 352 352 3084 748 748 748 625 625 625 625 571 571 1015 1015 1015 1015 1015 1015 556 556 556 556 556 505 505 520 520 520 520 500 500 500 898 898 506 506 506 506 417 417 417 540 540 540 471 471 471 533
373 373 373 378 378 378 378 378 720 720 819 819 819 819 819 819 819 819 819 819 819 819 819 819 819 819 3084 3084 622 622 622 352 352 352 352 480 480 748 748 625 625 625 625 625 1015 1015 1015 1015 1015 1015 1015 556 556 556 556 498 498 520 520 520 520 520 520 520 898 898 898 898 898 506 506 417 417 417 417 417 540 540 540 540 533
373 373 378 378 378 378 720 720 720 720 720 819 819 819 819 819 819 819 819 819 819 819 438 438 438 438 335 335 675 593 622 480 480 480 480 480 480 748 748 625 625 625 625 625 1015 1015 1015 1015 1015 1015 1015 1015 556 498 498 498 498 520 520 520 520 520 520 520 898 898 898 898 898 506 506 506 417 417 417 417 540 540 540 540 533
373 378 378 378 585 585 720 720 720 720 720 624 624 624 624 624 819 819 440 440 440 440 391 438 438 335 335 335 675 675 480 675 480 480 480 529 529 529 529 451 1015 1015 1015 1015 1015 1015 1015 1015 1015 516 516 516 498 498 498 498 498 498 520 1015 898 898 504 504 504 504 504 504 504 685 685 685 685 685 685 685 685 685 685 685 685
618 378 378 585 585 585 585 585 720 720 720 720 624 624 624 819 819 819 440 440 440 440 391 391 391 391 335 675 675 675 675 480 675 529 529 529 529 529 451 451 1015 1015 1015 1015 1015 1015 1015 1015 1015 516 516 516 504 504 504 504 504 286 -9999 -9999 -9999 -9999 -9999 -9999 -9999 286 1284 1284 1284 1284 458 458 458 685 685 685 685 685 685 473 473
464 464 585 585 585 585 585 585 585 720 559 720 720 624 624 624 624 624 440 440 440 440 440 391 391 391 335 335 335 675 675 675 529 529 529 529 451 451 451 451 451 451 1015 1015 1015 1015 1015 1015 1015 1015 504 504 504 504 286 286 286 -9999 -9999 -9999 -9999 -9999 -9999 -9999 -9999 -9999 -9999 -9999 -9999 1284 458 458 458 440 440 440 685 685 685 473 473
464 464 464 585 585 585 585 585 585 559 559 559 720 424 424 562 562 562 562 467 467 467 467 562 562 391 335 335 335 675 675 675 675 529 451 451 451 451 451 451 451 451 1015 1015 1015 1015 1015 504 504 504 504 580 504 504 286 286 -9999 -9999 -9999 -9999 -9999 -9999 -9999 -9999 -9999 -9999 -9999 -9999 -9999 -9999 286 458 458 440 440 440 685 685 503 473 473
464 464 464 585 461 461 461 461 461 559 559 559 424 424 424 562 562 562 562 467 467 467 467 562 562 675 675 675 675 675 675 675 432 432 432 432 451 451 465 465 465 705 1015 1015 1015 504 504 504 504 580 580 580 504 504 286 286 -9999 -9999 -9999 -9999 -9999 -9999 -9999 -9999 -9999 -9999 -9999 -9999 -9999 -9999 -9999 440 458 440 575 575 575 575 575 503 503
464 464 464 461 461 461 461 461 461 559 526 526 424 424 424 424 623 623 467 467 467 467 467 562 562 675 675 675 675 675 675 675 432 432 432 432 451 465 465 705 705 705 705 580 580 580 705 705 705 580 580 580 -9999 -9999 -9999 -9999 -9999 -9999 -9999 -9999 -9999 -9999 -9999 -9999 -9999 -9999 -9999 -9999 -9999 -9999 -9999 -9999 440 440 575 575 575 575 575 503 503
431 431 431 461 349 349 349 559 559 526 526 526 424 424 424 424 623 623 562 467 467 467 467 562 562 562 675 675 675 675 675 675 675 675 432 432 705 705 705 705 705 705 705 705 580 580 705 705 580 580 580 286 -9999 -9999 -9999 -9999 -9999 -9999 -9999 -9999 -9999 -9999 -9999 -9999 -9999 -9999 -9999 -9999 -9999 -9999 -9999 -9999 -9999 440 440 575 575 575 575 503 503
525 525 525 449 349 449 449 449 449 526 526 526 526 424 424 424 623 623 623 623 578 578 578 578 562 562 675 675 675 675 675 675 675 705 705 705 705 705 408 408 705 705 705 705 580 580 705 705 286 286 286 286 -9999 -9999 -9999 -9999 -9999 -9999 -9999 -9999 -9999 -9999 -9999 -9999 -9999 -9999 -9999 -9999 -9999 -9999 -9999 -9999 -9999 440 440 -9999 -9999 -9999 -9999 440 440
525 525 525 525 449 449 449 449 449 526 526 526 526 548 548 548 548 623 623 623 578 506 506 578 578 562 506 705 705 739 705 705 739 705 705 705 705 408 408 408 705 705 705 705 705 705 552 552 552 552 286 286 -9999 -9999 -9999 -9999 -9999 -9999 -9999 -9999 -9999 -9999 -9999 -9999 -9999 -9999 -9999 -9999 -9999 -9999 -9999 -9999 -9999 -9999 -9999 -9999 -9999 -9999 -9999 -9999 440
525 525 365 525 449 449 449 449 449 465 526 526 526 548 548 548 548 623 623 623 506 578 578 578 401 401 401 739 739 739 739 739 739 592 592 592 592 592 408 408 408 575 575 575 575 552 552 552 552 552 286 286 -9999 -9999 -9999 -9999 -9999 -9999 -9999 -9999 -9999 -9999 -9999 -9999 -9999 -9999 -9999 -9999 -9999 -9999 -9999 -9999 -9999 -9999 -9999 -9999 -9999 -9999 -9999 -9999 -9999
365 365 365 365 465 465 465 465 465 465 465 465 465 548 548 548 548 506 506 506 506 401 401 401 402 402 402 739 739 739 739 739 739 739 592 592 592 592 575 575 575 575 575 575 575 552 552 552 459 459 459 286 -9999 -9999 -9999 -9999 -9999 -9999 -9999 -9999 -9999 -9999 -9999 -9999 -9999 -9999 -9999 -9999 -9999 -9999 -9999 -9999 -9999 -9999 -9999 -9999 -9999 -9999 -9999 -9999 -9999
557 365 365 557 557 465 465 465 465 465 465 548 548 548 548 548 506 506 401 401 401 401 401 402 402 402 402 401 739 739 739 739 739 739 592 592 592 592 575 575 575 575 575 575 575 575 552 459 459 459 459 286 -9999 -9999 -9999 -9999 -9999 -9999 -9999 -9999 -9999 -9999 -9999 -9999 -9999 -9999 -9999 -9999 -9999 -9999 -9999 -9999 -9999 -9999 -9999 -9999 -9999 -9999 -9999 -9999 -9999
365 557 557 557 557 557 465 506 506 506 506 548 623 623 623 623 449 623 401 449 449 402 402 402 402 402 401 401 739 739 739 739 739 739 592 456 456 456 456 575 575 575 575 575 575 575 -9999 -9999 -9999 -9999 -9999 -9999 -9999 -9999 -9999 -9999 -9999 -9999 -9999 -9999 -9999 -9999 -9999 -9999 -9999 -9999 -9999 -9999 -9999 -9999 -9999 -9999 -9999 -9999 -9999 -9999 -9999 -9999 -9999 -9999 -9999
497 557 557 557 557 557 465 506 506 506 623 623 425 425 425 425 449 449 449 449 449 449 449 402 401 401 401 401 401 401 739 739 739 739 739 456 456 456 456 575 459 -9999 -9999 -9999 -9999 -9999 -9999 -9999 -9999 -9999 -9999 -9999 -9999 -9999 -9999 -9999 -9999 -9999 -9999 -9999 -9999 -9999 -9999 -9999 -9999 -9999 -9999 -9999 -9999 -9999 -9999 -9999 -9999 -9999 -9999 -9999 -9999 -9999 -9999 -9999 -9999
497 497 497 497 497 623 623 623 623 623 623 425 425 425 425 425 449 449 449 449 449 466 466 466 466 466 466 466 401 401 739 739 739 739 456 456 456 456 456 459 -9999 -9999 -9999 -9999 -9999 -9999 -9999 -9999 -9999 -9999 -9999 -9999 -9999 -9999 -9999 -9999 -9999 -9999 -9999 -9999 -9999 -9999 -9999 -9999 -9999 -9999 -9999 -9999 -9999 -9999 -9999 -9999 -9999 -9999 -9999 -9999 -9999 -9999 -9999 -9999 -9999
623 623 623 623 623 451 451 451 523 523 523 425 425 425 425 425 425 572 572 449 449 466 466 466 466 466 466 466 401 401 739 739 459 459 459 459 459 459 -9999 -9999 -9999 -9999 -9999 -9999 -9999 -9999 -9999 -9999 -9999 -9999 -9999 -9999 -9999 -9999 -9999 -9999 -9999 -9999 -9999 -9999 -9999 -9999 -9999 -9999 -9999 -9999 -9999 -9999 -9999 -9999 -9999 -9999 -9999 -9999 -9999 -9999 -9999 -9999 -9999 -9999 -9999
623 623 623 451 451 451 451 451 523 523 523 523 523 523 425 572 572 -9999 -9999 -9999 -9999 572 466 466 466 466 466 466 401 401 459 459 459 459 459 459 459 459 -9999 -9999 -9999 -9999 -9999 -9999 -9999 -9999 -9999 -9999 -9999 -9999 -9999 -9999 -9999 -9999 -9999 -9999 -9999 -9999 -9999 -9999 -9999 -9999 -9999 -9999 -9999 -9999 -9999 -9999 -9999 -9999 -9999 -9999 -9999 -9999 -9999 -9999 -9999 -9999 -9999 -9999 -9999
623 623 623 623 451 451 451 451 451 451 523 523 523 -9999 -9999 -9999 -9999 -9999 -9999 -9999 -9999 -9999 -9999 -9999 572 466 466 466 -9999 -9999 -9999 -9999 -9999 -9999 459 459 459 459 -9999 -9999 -9999 -9999 -9999 -9999 -9999 -9999 -9999 -9999 -9999 -9999 -9999 -9999 -9999 -9999 -9999 -9999 -9999 -9999 -9999 -9999 -9999 -9999 -9999 -9999 -9999 -9999 -9999 -9999 -9999 -9999 -9999 -9999 -9999 -9999 -9999 -9999 -9999 -9999 -9999 -9999 -9999
