Datasets/population.asc
ncols         383
nrows         239
xllcorner     -73.976723696231
yllcorner     45.396293541168
cellsize      0.0013089085639051
NODATA_value  -9999
[rows 180 to 215 of 239, columns 162 to 242 of 383]
467 467 467 467 467 467 467 467 467 467 467 467 467 467 467 467 467 467 467 467 467 467 533 533 533 533 533 533 533 533 533 533 533 533 533 533 533 533 533 533 533 533 610 610 467 467 467 467 467 467 467 467 467 467 467 467 467 467 467 467 467 467 467 467 499 499 499 499 499 499 499 499 717 717 1164 1164 1164 749 749 2054 2054
467 467 467 467 467 467 467 467 467 467 467 467 467 467 467 467 467 467 467 467 467 467 533 533 533 533 533 533 533 533 533 533 533 533 533 533 533 533 533 533 533 533 610 610 610 467 467 467 467 467 467 467 467 467 467 467 467 467 467 467 467 467 467 467 499 499 499 499 499 499 499 499 1052 1052 1052 1052 749 749 749 493 493
573 467 467 467 467 467 467 467 467 467 467 467 467 467 467 467 467 467 467 467 467 533 533 533 533 533 533 533 533 533 533 533 533 533 533 533 533 533 533 533 533 610 610 610 610 610 610 467 467 467 467 467 467 467 467 610 467 467 467 467 467 467 467 467 499 499 499 499 499 499 499 1052 1052 1052 1052 1052 749 749 834 493 493
573 573 467 467 467 467 467 467 467 467 467 467 467 467 467 467 467 467 533 533 533 533 533 533 533 533 533 533 533 533 533 533 533 533 533 533 533 533 533 610 610 610 610 610 610 610 610 610 467 467 467 467 467 467 467 610 610 467 467 467 467 467 467 467 499 499 499 499 499 499 499 1052 879 879 879 749 749 749 834 834 834
573 573 573 467 467 467 467 467 467 467 467 467 467 467 467 467 467 533 533 533 533 533 533 533 533 533 533 533 533 533 533 533 533 533 533 533 533 610 610 610 610 610 610 610 610 610 610 610 610 610 467 467 467 467 467 610 610 610 467 467 467 467 467 499 499 499 499 499 499 499 499 879 879 879 879 602 602 834 834 834 834
573 573 573 573 467 467 467 467 467 467 467 467 467 467 467 467 533 533 533 533 533 533 533 533 533 533 533 533 533 533 533 533 533 533 533 533 610 610 610 610 610 610 610 610 610 610 610 610 610 610 610 610 467 467 467 610 610 610 610 610 610 467 467 499 499 499 499 499 499 499 499 582 879 602 602 602 602 643 643 834 834
573 573 573 533 533 533 533 467 467 467 467 467 467 467 467 533 533 533 533 533 533 533 533 533 533 533 533 533 533 533 533 533 533 533 533 610 610 610 610 610 610 610 610 610 610 610 610 610 610 610 610 610 610 467 467 610 610 610 610 610 610 610 499 499 499 499 499 499 499 499 481 582 557 557 557 557 476 643 643 643 824
573 573 573 533 533 533 533 533 533 467 467 467 467 467 533 533 533 533 533 533 533 533 533 533 533 533 533 533 533 533 533 533 533 533 610 610 610 610 610 610 610 610 610 610 610 610 610 610 610 610 610 610 610 610 610 610 610 610 610 610 610 610 499 499 499 499 499 499 499 481 481 481 614 557 557 476 476 476 476 824 746
573 573 533 533 533 533 533 533 533 533 467 467 533 533 533 533 533 533 533 533 533 533 533 533 533 533 533 533 533 533 533 610 610 610 610 610 610 610 610 610 610 610 610 610 610 610 610 610 610 610 610 610 610 610 610 610 610 610 610 610 610 610 499 499 499 499 499 499 499 481 481 614 614 614 614 476 476 476 824 746 746
573 533 533 533 533 533 533 533 533 533 533 533 533 533 533 533 533 533 533 533 533 533 533 533 533 533 533 533 533 533 610 610 610 610 610 610 610 610 610 610 610 610 610 610 610 610 610 610 610 610 610 610 610 610 610 610 610 610 610 610 499 499 499 499 499 499 499 394 394 394 481 614 614 549 549 549 476 824 887 756 876
533 533 533 533 533 533 533 533 533 533 533 533 533 533 533 533 533 533 533 533 533 533 533 533 533 533 533 533 533 533 533 610 610 610 610 610 610 610 610 610 610 610 610 610 610 610 610 610 610 610 610 610 610 610 610 610 610 610 610 610 645 645 645 645 645 499 645 645 645 394 614 614 614 549 549 549 549 492 492 756 876
573 533 533 533 533 533 533 533 533 533 533 533 533 533 533 533 533 533 533 533 533 533 533 533 533 533 533 533 533 533 533 610 610 610 610 610 610 610 610 610 610 610 610 610 610 610 610 610 610 610 610 610 610 610 610 610 610 610 610 610 645 645 645 645 645 645 645 645 645 645 645 645 549 549 587 587 324 324 587 587 528
573 533 533 533 533 533 533 533 533 533 533 533 533 533 533 533 533 533 533 533 533 533 533 533 533 533 533 533 533 533 533 610 610 610 610 610 610 610 610 610 610 610 610 610 610 610 610 610 610 610 610 610 610 610 610 610 610 610 610 610 645 645 645 645 645 645 645 645 645 645 645 577 577 587 474 474 587 324 324 528 528
573 533 533 533 533 533 533 533 533 533 533 533 533 533 533 533 533 533 533 533 533 533 533 533 533 533 533 533 533 533 533 533 610 610 610 610 610 610 610 610 610 610 610 610 610 610 610 610 610 610 610 610 610 610 610 610 610 610 610 610 645 645 645 645 645 645 645 645 645 645 645 577 577 1321 1321 1321 474 474 324 587 587
533 533 533 533 533 533 533 533 533 533 533 533 533 533 533 533 533 533 533 533 533 533 533 533 533 533 533 533 533 533 533 533 610 610 610 610 610 610 610 610 610 610 610 610 610 610 610 610 610 610 610 610 610 610 610 610 610 610 610 610 645 645 645 645 645 645 645 645 645 645 645 645 1321 1321 1321 1321 1321 994 474 474 474
533 533 533 533 533 533 533 533 533 533 533 533 533 533 533 533 533 533 533 533 533 533 533 533 533 533 533 533 533 533 533 533 610 610 610 610 610 610 610 610 610 610 610 610 610 610 610 610 610 610 610 610 610 610 610 610 610 610 610 610 610 610 610 610 610 645 645 645 645 587 587 1321 1321 1321 1321 1321 1321 1321 1321 994 474
533 533 533 533 533 533 533 533 533 533 533 533 533 533 533 533 533 533 533 533 533 533 533 533 533 533 533 533 533 533 533 533 610 610 610 610 610 610 610 610 610 610 610 610 610 610 610 610 610 610 610 610 610 610 610 610 610 610 610 610 610 610 610 610 610 610 610 610 610 610 610 610 643 643 1321 1321 1321 1321 1321 1321 1321
533 533 533 533 533 533 533 533 533 533 533 533 533 533 533 533 533 533 533 533 533 533 533 533 533 533 533 533 533 533 533 533 533 610 610 610 610 610 610 610 610 610 610 610 610 610 610 610 610 610 610 610 610 610 610 610 610 610 610 610 610 610 610 610 610 610 610 610 610 610 610 610 643 643 643 643 1321 1321 1321 1321 1321
632 632 632 632 632 632 632 632 632 632 632 632 632 632 632 632 533 533 533 533 533 533 533 1644 1644 533 533 533 533 533 533 533 533 610 610 610 610 610 610 610 610 610 610 610 610 610 690 690 610 610 610 610 610 610 610 610 610 610 610 610 610 610 610 610 610 610 610 610 610 610 610 610 643 643 643 1321 1321 1321 1321 1321 1321
455 455 455 410 410 410 526 526 526 526 526 632 632 632 632 632 632 632 1644 1644 1644 1644 1644 1644 1644 1644 1644 1644 1644 1644 1644 507 533 690 613 613 690 690 690 690 690 690 690 690 690 690 690 690 1783 1783 1783 1783 1783 1783 939 939 939 939 939 939 610 610 610 610 610 610 610 610 610 610 610 610 643 643 643 643 643 1321 1321 1321 1321
473 473 455 455 349 349 349 526 526 526 526 632 632 632 632 632 632 632 1644 757 757 757 757 757 757 1644 1644 1644 1644 1644 1644 507 1644 533 613 613 613 613 613 613 613 565 565 565 565 565 690 690 690 690 396 1783 1783 1783 939 423 423 423 423 939 610 610 610 774 774 774 610 508 508 508 298 298 558 683 643 643 643 643 643 1321 1321
503 503 455 537 537 349 526 526 526 526 526 632 473 632 632 632 632 632 757 757 757 757 757 757 757 892 892 892 892 1644 1644 345 1644 533 690 690 613 613 613 613 613 565 565 565 565 565 690 690 690 690 396 1783 1783 1783 939 939 939 939 939 939 898 898 898 898 898 472 472 508 508 508 298 298 558 683 683 643 643 643 643 643 643
503 503 455 537 537 537 537 537 537 537 446 446 446 473 632 632 632 632 546 546 546 546 546 532 532 532 892 892 892 892 892 892 892 422 422 422 422 439 439 439 439 552 552 552 552 588 588 588 588 588 396 1783 1783 1783 909 909 909 534 534 593 898 898 898 898 898 472 472 639 639 639 551 551 712 683 683 683 683 643 643 643 643
503 503 503 455 537 537 537 537 537 537 446 446 446 473 473 473 473 473 473 546 546 546 546 532 532 439 439 439 892 892 892 892 892 892 422 422 477 477 477 477 477 552 552 552 552 588 588 588 588 588 396 1783 1783 1783 1783 909 909 580 580 593 898 898 898 898 898 472 472 639 639 551 551 551 712 683 683 683 683 643 643 643 643
503 503 503 537 537 537 537 537 537 537 537 446 446 473 473 473 473 473 473 546 546 546 546 532 532 532 439 439 892 892 892 892 892 892 422 422 422 477 477 594 645 645 645 645 698 552 588 588 588 588 437 751 751 751 751 1195 1195 1195 614 614 592 592 592 592 592 592 685 685 639 580 580 580 712 484 484 643 643 643 643 643 643
-9999 440 440 474 537 537 537 537 537 537 537 446 446 446 1141 1141 1141 0 1141 704 704 704 704 532 532 872 872 439 439 439 439 872 892 892 422 422 422 477 594 594 645 645 645 645 698 698 404 532 588 588 437 751 751 751 751 1195 1195 1195 1195 614 592 592 1086 1086 1086 1086 685 685 685 685 685 685 544 544 532 532 532 532 643 643 918
-9999 -9999 -9999 -9999 -9999 474 474 474 474 474 474 474 474 474 474 474 474 474 474 872 872 872 872 872 872 872 872 439 439 439 872 872 872 892 422 422 422 477 594 594 645 645 645 645 698 698 404 404 532 532 532 437 751 751 823 1195 1195 1195 1195 1195 483 483 1086 1086 1086 1086 685 685 685 685 685 685 544 544 532 532 918 918 918 918 918
-9999 -9999 -9999 -9999 -9999 -9999 474 474 -9999 -9999 -9999 474 474 474 -9999 -9999 -9999 -9999 -9999 -9999 -9999 -9999 -9999 -9999 -9999 872 872 872 -9999 -9999 -9999 -9999 -9999 -9999 -9999 -9999 -9999 -9999 -9999 594 594 645 645 645 698 698 404 404 532 532 532 437 416 416 823 1195 1195 1195 1195 1195 984 984 1086 1086 1086 523 685 685 685 685 685 685 918 918 918 918 918 918 918 918 918
-9999 -9999 -9999 -9999 -9999 -9999 -9999 -9999 -9999 -9999 -9999 -9999 474 -9999 -9999 -9999 -9999 -9999 -9999 -9999 -9999 -9999 -9999 -9999 -9999 -9999 -9999 -9999 -9999 -9999 -9999 -9999 -9999 -9999 -9999 -9999 -9999 -9999 -9999 -9999 -9999 -9999 -9999 -9999 535 535 535 535 535 437 437 437 416 416 1393 1393 1393 1195 1195 1195 984 984 1086 1086 1086 523 685 685 381 512 512 918 918 918 918 918 918 918 918 918 918
-9999 -9999 -9999 -9999 -9999 -9999 -9999 -9999 474 474 -9999 -9999 -9999 -9999 -9999 -9999 -9999 -9999 -9999 -9999 -9999 -9999 -9999 -9999 -9999 -9999 -9999 -9999 -9999 -9999 -9999 -9999 -9999 -9999 -9999 -9999 -9999 -9999 -9999 -9999 -9999 -9999 -9999 -9999 -9999 -9999 -9999 -9999 -9999 535 535 437 1393 416 1393 1393 1048 1048 1048 1048 1048 1048 1048 539 539 539 539 330 381 516 516 685 918 918 918 918 918 918 918 918 918
-9999 -9999 -9999 -9999 -9999 -9999 -9999 -9999 -9999 -9999 -9999 -9999 -9999 -9999 -9999 -9999 -9999 -9999 -9999 -9999 -9999 -9999 -9999 -9999 -9999 -9999 -9999 -9999 -9999 -9999 -9999 -9999 -9999 -9999 -9999 -9999 -9999 -9999 -9999 -9999 -9999 -9999 -9999 -9999 -9999 -9999 -9999 -9999 -9999 -9999 -9999 -9999 -9999 1393 1393 535 1048 1048 1048 1048 1048 1048 1048 539 539 539 539 330 330 516 516 685 685 918 918 918 918 918 -9999 694 694
-9999 -9999 -9999 -9999 -9999 -9999 -9999 -9999 -9999 -9999 -9999 -9999 -9999 -9999 30 30 30 30 30 30 -9999 -9999 -9999 -9999 -9999 -9999 -9999 -9999 -9999 -9999 -9999 -9999 -9999 -9999 -9999 -9999 -9999 -9999 -9999 -9999 -9999 -9999 -9999 -9999 -9999 -9999 -9999 -9999 -9999 -9999 -9999 -9999 -9999 -9999 -9999 535 -9999 -9999 -9999 -9999 -9999 -9999 -9999 1048 1048 -9999 539 330 330 516 685 685 685 918 918 -9999 -9999 -9999 674 674 694
-9999 -9999 -9999 -9999 -9999 -9999 -9999 -9999 -9999 -9999 -9999 -9999 -9999 -9999 -9999 -9999 -9999 -9999 30 30 -9999 -9999 -9999 -9999 -9999 -9999 -9999 -9999 -9999 -9999 -9999 -9999 -9999 -9999 -9999 -9999 -9999 -9999 -9999 -9999 -9999 -9999 -9999 -9999 -9999 -9999 -9999 -9999 -9999 -9999 -9999 -9999 -9999 -9999 -9999 -9999 -9999 -9999 -9999 -9999 -9999 -9999 -9999 -9999 -9999 -9999 -9999 330 330 330 685 685 685 -9999 685 694 694 674 674 674 674
-9999 -9999 -9999 -9999 -9999 -9999 -9999 -9999 -9999 -9999 -9999 -9999 -9999 -9999 -9999 -9999 -9999 -9999 -9999 -9999 -9999 -9999 -9999 -9999 -9999 -9999 -9999 -9999 -9999 -9999 -9999 -9999 -9999 -9999 -9999 -9999 -9999 -9999 -9999 -9999 -9999 -9999 -9999 -9999 -9999 -9999 -9999 -9999 -9999 -9999 -9999 -9999 -9999 -9999 -9999 -9999 -9999 -9999 -9999 -9999 -9999 -9999 -9999 -9999 -9999 -9999 1048 -9999 -9999 -9999 -9999 -9999 -9999 685 685 694 694 642 642 642 674
-9999 -9999 -9999 -9999 -9999 -9999 -9999 -9999 -9999 -9999 -9999 -9999 -9999 -9999 -9999 -9999 -9999 -9999 -9999 -9999 -9999 -9999 -9999 -9999 -9999 -9999 -9999 -9999 -9999 -9999 -9999 -9999 -9999 -9999 -9999 -9999 -9999 -9999 -9999 -9999 -9999 -9999 -9999 -9999 -9999 -9999 -9999 -9999 -9999 -9999 -9999 -9999 -9999 -9999 -9999 -9999 -9999 -9999 -9999 -9999 -9999 -9999 -9999 -9999 -9999 1048 1048 330 -9999 -9999 -9999 -9999 -9999 -9999 -9999 -9999 694 642 642 642 396
-9999 -9999 -9999 -9999 -9999 -9999 -9999 -9999 -9999 -9999 -9999 -9999 -9999 -9999 -9999 -9999 -9999 -9999 -9999 -9999 -9999 -9999 -9999 -9999 -9999 -9999 -9999 -9999 -9999 -9999 -9999 -9999 -9999 -9999 -9999 -9999 -9999 -9999 -9999 -9999 -9999 -9999 -9999 -9999 -9999 -9999 -9999 -9999 -9999 -9999 -9999 -9999 -9999 -9999 -9999 -9999 -9999 -9999 -9999 -9999 -9999 -9999 -9999 -9999 -9999 -9999 -9999 -9999 -9999 -9999 -9999 -9999 -9999 -9999 -9999 -9999 -9999 323 323 323 323
